12
99
0 90 133 191 107 181 3 162 3 188 93 132 145 64 168 64 145 132 93 188 152 184 52 154 37 47 111 174 51 57 80 62 132 93 188 152 153 170 112 186 88 91 164 9 69 66 126 178 111 10 148 15 173 132 62 89 56 163 14 102 162 184 68 94 24 98 114 105 99 133 52 180 159 27 2 68 178 54 141 52 184 162 3 161 55 31 193 192 8 77 176 84 159 61 122 171 49 10 83 0
614 472 818 718 290 515 581 1003 1136 509 92 1058 1098 422 624 654 576 83 780 803 64 75 383 392 678 825 1147 8 878 939 744 271 947 4 32 340 360 381 389 486 497 619 777 1012 1059 1079 1084 1135 1172
93
0 83 188 3 181 107 25 114 105 99 133 191 133 99 105 81 105 155 20 155 114 105 139 71 139 105 155 21 144 65 125 72 98 109 38 156 93 188 3 181 107 56 9 164 195 126 44 169 20 45 3 181 107 105 99 133 32 168 91 8 77 67 66 69 29 35 90 133 99 105 81 99 92 124 126 60 161 49 10 46 85 152 188 7 92 125 42 28 60 161 49 10 83 0
568 423 1014 1009 175 755 498 710 558 1074 735 893 800 80 629 625 42 605 1109 650 333 773 653 364 898 45 1032 974 133 166 222 1088
96
0 90 122 69 29 130 29 111 10 49 171 95 134 156 153 92 192 193 191 107 25 120 104 196 57 144 63 36 43 185 39 115 164 9 7 23 190 70 161 142 174 51 169 35 29 111 174 147 186 112 170 76 42 31 188 93 177 191 107 181 182 44 195 124 92 136 50 30 111 47 142 161 151 10 87 49 10 111 189 168 64 117 86 16 75 38 126 60 161 142 174 48 189 111 10 83 0
424 40 697 462 994 440 900 306 121 1188 932 1036 230 592 872 291 289 1149 870 1057 771 513 240 729 141 413 971 234 796 758 1067 764 95 1169 1137 1044 68 72 85 88 180 189 199 262 643 1143 1177
92
0 90 11 63 144 135 142 161 47 111 189 44 126 44 122 165 55 130 29 19 178 180 14 165 97 159 184 145 132 93 188 53 72 98 142 190 23 80 34 10 111 47 37 25 114 105 139 175 2 27 82 187 146 79 32 179 108 187 101 65 57 119 101 65 199 109 197 74 177 22 187 80 34 7 103 95 190 23 135 51 169 154 37 183 18 97 159 61 131 78 58 83 0
216 155 487 82 923 393 1102 418 805 417 286 524 342 209 1184 1185 345 1122 170 71 964 765 483 1096 33 966 1081 627 933 997 35 101 131 283 407 550 600 833 856 1192
76
0 83 188 53 181 3 188 7 189 44 1 198 124 111 10 46 43 138 45 3 188 11 59 37 183 2 151 27 82 181 107 153 156 117 86 40 62 46 43 185 42 4 166 162 92 136 69 66 11 63 159 61 131 78 58 167 183 32 79 182 27 82 34 113 178 167 100 150 186 112 170 76 43 46 10 83 0
1082 1174 768 804 832 684 827 331 307 452 517 359 801 665 728 430 786 1148 919 798 263 244 1061 300 10 144 177 278 557 871 1016 1045 1163
84
0 90 133 191 8 77 8 174 142 135 51 135 142 174 48 185 67 66 69 70 63 144 59 81 105 155 40 102 167 100 194 9 164 144 90 186 112 170 76 43 185 42 177 137 13 127 178 180 37 47 111 30 109 145 132 99 105 155 24 73 14 130 194 9 7 87 49 10 111 56 192 8 77 56 6 51 169 20 165 97 163 111 10 83 0
250 726 200 148 350 658 912 400 1159 616 732 241 65 371 478 1130 701 365 578 330 91 130 611 676 463 376 680 421 416 951 54 145 617
112
0 83 106 185 143 185 33 112 170 76 43 185 42 4 160 86 101 170 76 160 86 123 54 141 24 167 58 78 46 193 191 26 109 11 63 144 16 151 150 186 112 170 76 43 185 42 31 6 156 162 102 40 62 93 188 152 197 74 129 22 187 146 6 31 173 198 8 174 51 135 144 21 144 63 83 106 45 3 162 180 158 180 14 130 29 35 164 23 165 97 191 107 181 151 97 191 133 36 63 8 192 193 165 100 110 116 95 103 42 31 5 90 0
1073 508 884 1013 1048 1189 448 396 1123 982 642 965 853 313 280 861 972 468 690 752 584 570 446 812 245 1029 998 976 1053 453 6 775 277 1161 451 1129 47 882 479 917 1002 182 469 22 29 255 580 877 880 885 957 993 1001
90
0 83 194 9 7 103 42 53 181 3 162 184 68 157 51 124 92 121 130 29 35 15 148 15 173 158 54 108 187 128 47 111 10 45 3 188 43 147 50 133 99 105 155 49 174 8 77 138 43 185 42 31 6 33 112 170 76 9 23 190 171 172 156 153 92 121 130 29 35 71 190 141 54 158 168 64 145 132 93 188 3 181 107 196 57 80 178 167 58 83 0
454 62 707 695 692 782 318 601 1168 921 93 351 961 582 44 659 949 1153 781 259 104 395 585 789 875
89
0 83 188 3 159 61 131 78 187 128 72 98 70 197 47 111 62 132 108 187 128 47 111 163 72 98 138 43 185 143 39 75 32 166 4 58 165 55 31 6 21 130 121 128 131 16 112 116 83 194 41 104 158 54 57 80 62 46 43 185 48 98 76 43 185 42 103 176 54 158 180 14 165 55 151 10 49 171 95 103 42 31 6 134 40 62 46 10 83 0
1170 831 895 207 1085 778 79 24 188 11 81 98 323 256 405 1194 837 1005 594 459 969 1113 287 902 634 754 17 77 140 160 366 534 535 645 814 996 1141
82
0 83 194 41 194 75 32 179 199 109 173 65 101 30 5 120 104 102 162 3 188 53 18 176 76 43 186 112 170 76 43 185 48 34 113 53 181 107 196 84 58 83 17 63 36 111 47 140 43 46 10 83 17 162 184 28 60 161 142 174 111 189 23 164 9 115 43 117 110 100 14 2 193 139 13 137 12 128 47 111 10 83 0
169 591 410 465 221 1115 715 672 236 379 640 185 218 1101 639 1054 890 153 258 214 338 914 876 1042 361 445 1117 370 426 490 784 797
78
0 90 133 99 105 139 13 41 194 75 47 111 10 49 171 95 11 90 123 86 6 156 36 63 144 90 122 10 83 0 61 177 22 21 125 114 105 99 133 191 30 111 29 69 66 52 184 159 55 109 173 65 52 184 162 92 192 95 190 23 164 9 64 117 86 160 91 118 91 8 77 186 112 170 194 111 10 83 0
1055 139 563 559 737 538 317 485 955 456 660 428 1062 1095 1193 264 811 530 354 269 887 192 106 172 419 1106
95
0 31 42 103 95 117 86 123 72 98 76 43 185 48 177 137 177 197 70 116 163 72 97 41 198 124 92 5 30 111 10 46 182 76 43 115 127 123 121 130 29 69 66 152 50 133 99 105 139 126 84 58 92 121 156 162 106 185 42 87 121 113 53 115 29 69 66 48 170 76 43 185 42 4 166 196 107 25 114 134 164 195 184 68 94 140 173 15 179 94 24 91 118 116 83 0
785 437 1038 554 595 868 723 1075 846 232 970 928 936 1165 646 638 983 162 434 834 940 1041 632 489 952 380 1144 956 1011 115 746 1022 655 194 1150 577 341 536 569 1008
