6
44
0 67 13 17 36 50 18 54 58 41 33 47 51 6 27 12 5 23 2 16 1 62 3 11 2 7 31 32 61 33 39 19 28 30 66 46 12 27 6 17 60 56 14 42 0
234 221 129 220 64 185 16 86 156 140 249 165 177 45 163 115 28 34 47 49 70 118 137 143 210 246
35
0 67 13 17 60 17 36 65 25 39 24 39 52 3 21 49 35 57 48 45 40 52 39 33 61 41 11 2 39 33 61 32 27 10 23 0
2 101 172 38 161 39 203 48 117 114
43
0 3 21 3 52 39 33 61 43 56 14 9 63 3 21 49 35 59 51 6 61 33 39 52 3 54 58 10 22 15 29 26 42 25 13 5 47 33 61 32 26 36 50 0
247 209 71 211 183 99 105 46 133 130 10 107 5 25 96 122 134 187 193 240
58
0 7 31 7 2 45 40 31 7 2 11 29 38 53 27 66 69 50 55 1 11 29 18 50 25 21 49 35 59 53 27 12 49 21 3 52 39 57 35 59 67 13 17 60 65 36 17 1 62 3 54 68 60 17 36 66 69 50 0
245 196 155 37 197 84 78 1 179 239 21 184 151 4 3 85 12 31 41 65 91 124 131 190
42
0 7 2 11 41 11 2 45 24 43 8 57 30 66 69 50 16 18 29 38 53 66 15 4 23 2 11 63 39 52 34 49 21 3 52 39 19 28 30 66 69 50 0
15 238 110 150 132 19 32 223 89 109 207 66 23 43 145
40
0 3 62 66 69 25 65 36 50 61 32 61 33 39 19 51 9 32 61 33 47 64 50 69 66 46 23 10 58 4 28 4 15 2 11 63 30 66 69 50 0
61 241 54 100 160 180 90 80 243 22 113 227 26 173 201
