9
21
0 103 97 93 97 108 99 51 101 4 101 75 46 21 61 3 113 77 48 97 103 0
567 383 518 170 63 130 480
67
0 103 11 103 51 78 11 1 70 49 44 53 101 85 49 14 8 56 2 52 7 5 11 103 97 93 45 28 19 21 74 18 0 103 97 93 74 99 108 74 99 38 84 116 37 119 52 55 23 103 0 83 15 86 3 113 65 48 99 52 2 117 113 77 48 97 103 0
116 384 125 377 110 346 18 361 189 85 134 242 337 165 359 56 370 491 202 414 158 482 95 594 183 286 569 289 11 22 150 151 157 174 336 350 388 481 572
50
0 83 6 49 70 37 40 33 71 16 113 77 59 82 72 86 3 113 77 40 23 100 91 89 32 8 80 117 113 77 48 97 103 105 109 98 80 113 77 18 27 92 11 103 83 6 92 94 15 69 0
185 91 192 537 54 317 503 351 88 228 138 564 421 595 557 136 269 335 407 98 108 124 237 381 409 517
79
0 103 97 48 10 61 67 61 3 113 65 30 17 63 54 36 73 91 13 35 30 31 119 37 70 49 44 92 94 31 84 42 88 110 26 79 114 5 100 105 109 49 34 52 57 69 54 52 57 72 74 50 111 50 83 56 39 13 118 26 118 45 28 21 16 113 77 48 97 93 42 92 94 28 45 19 78 11 103 0
299 235 530 105 463 194 453 506 190 498 36 573 215 80 133 339 16 492 587 561 76 447 398 545 464 164 208 394 456 444 309 546 570 574
37
0 119 31 119 37 40 33 71 1 118 45 55 117 113 77 48 116 12 91 95 119 34 52 57 72 33 40 41 74 50 102 95 119 37 70 111 86 0
280 142 347 441 6 111 386 560 149 166 127 9 39 68 106
94
0 103 97 93 55 35 75 55 119 37 40 41 74 50 74 26 45 28 14 49 70 37 40 33 71 5 105 109 49 70 37 119 31 80 110 26 76 62 31 84 60 1 55 52 57 72 87 53 44 69 106 79 95 102 60 84 25 82 32 89 91 95 89 32 58 84 31 119 37 70 49 99 51 101 59 39 13 52 57 109 49 70 37 40 33 46 21 61 3 113 77 48 97 103 0
597 156 259 218 556 247 87 229 94 434 291 261 367 293 31 558 369 214 505 20 201 356 392 48 245 484 181 0 19 21 139 143 163 193 223 227 385
73
0 67 61 3 113 107 108 78 85 49 14 100 5 14 49 109 112 27 10 24 30 77 18 17 10 48 97 93 117 113 40 33 71 43 96 79 81 42 17 63 89 77 48 97 93 18 27 119 31 80 8 25 82 72 86 106 92 94 108 70 37 119 31 80 8 56 39 13 52 55 93 97 103 0
521 53 354 109 86 403 244 55 324 270 497 534 340 436 589 525 345 82 543 342 352 305 504 549 75 188 390 469 583
54
0 103 97 70 37 119 31 63 29 2 39 13 118 45 28 19 91 73 107 22 88 112 27 119 31 84 42 81 79 44 69 57 72 82 32 58 102 83 6 92 106 92 110 26 32 46 21 61 3 113 77 48 97 103 0
338 61 360 320 89 117 141 58 100 131 397 294 83 341 420 73 527 516 478 66 209 251
66
0 103 56 2 39 13 95 71 33 40 41 47 41 112 65 30 86 3 113 77 42 88 92 94 93 88 22 31 119 37 40 33 5 114 40 64 3 113 77 41 74 50 26 79 114 117 40 33 58 29 32 89 77 113 116 25 82 72 87 47 119 31 22 48 97 103 0
146 515 424 78 563 171 529 313 474 326 433 536 475 212 160 24 41 297 243 541 118 159 205 217 224 551
