6
160
148 409 414 410 414 415 467 464 462 480 479 460 459 460 398 68 69 416 720 184 402 403 506 268 48 47 48 268 506 403 402 184 720 416 69 68 398 71 405 406 434 417 113 126 407 594 574 592 582 579 575 576 578 581 575 579 582 125 178 261 571 257 589 680 185 588 587 588 586 718 557 560 192 569 196 564 563 564 196 569 566 430 431 642 643 642 115 316 318 317 180 641 183 131 620 79 613 614 75 76 435 181 124 132 182 743 182 632 182 132 124 181 435 179 203 131 183 641 180 130 552 562 564 196 569 192 560 557 718 586 588 185 680 589 257 571 261 178 125 582 592 574 594 407 126 113 417 434 406 405 71 398 68 69 416 720 184 402 408 409 148
698 469 63 464 64 213 727 571 568 578 554 619 610 793 598 1 3 110 137 359 360 361 364 407 559 617 725 730 736 743 745 748 751 752 758 764
207
148 409 414 410 416 720 184 402 403 404 494 506 268 48 47 501 498 500 46 500 498 501 47 48 268 506 494 404 60 43 288 41 666 39 277 200 58 135 489 57 191 490 57 201 1 202 487 2 508 392 155 433 308 13 668 24 382 381 676 383 23 540 541 542 380 539 658 9 10 9 8 321 7 156 7 539 380 23 383 387 383 653 384 140 379 655 656 657 550 549 548 164 544 545 544 164 548 671 547 670 547 391 310 673 546 31 311 378 652 378 149 159 161 160 153 320 163 158 159 161 650 327 326 325 34 105 374 33 531 469 32 696 371 375 370 103 510 512 458 465 136 677 678 677 310 673 546 31 377 32 696 371 375 370 509 370 103 690 373 174 106 368 359 84 85 35 331 332 90 339 81 80 81 339 340 437 89 88 336 335 704 335 336 88 89 437 340 339 90 332 331 35 85 84 474 473 472 170 169 171 166 165 167 467 415 414 409 148
420 139 209 801 533 527 234 704 396 631 536 648 626 826 180 161 164 460 652 505 15 141 666 7 9 16 18 19 20 21 32 34 35 36 53 113 138 142 145 146 150 162 167 178 179 183 189 190 191 192 210 211 212 219 220 221 222 223 226 228 232 237 240 274 368 392 408 413 414 434 470 475 480 528 529 530 537 539 627 629 717 739 750 786 791 798 799 830 831 833
568
148 409 408 445 60 682 684 59 454 109 110 58 200 61 664 56 54 659 488 51 661 252 62 152 62 63 239 241 239 63 65 250 248 247 246 245 244 66 27 28 281 28 27 285 67 294 291 293 291 294 395 297 397 396 14 133 487 202 446 447 448 449 0 20 22 466 465 458 512 510 103 690 373 174 106 368 369 368 359 84 474 83 474 84 356 21 352 351 348 350 347 707 694 349 147 349 36 353 709 355 346 144 37 442 37 344 443 344 37 144 346 355 440 355 709 353 36 349 694 707 347 350 348 351 352 21 357 35 331 332 90 339 340 82 340 339 90 329 101 102 96 328 95 94 95 328 96 97 92 98 528 322 324 323 320 163 158 159 161 160 153 320 323 11 12 141 385 140 385 141 12 379 655 656 657 550 551 648 149 159 161 650 327 529 327 326 33 531 469 32 696 371 375 370 103 510 512 458 465 136 137 433 308 306 305 307 309 24 382 381 676 383 23 380 542 541 543 319 10 9 8 321 7 156 157 156 710 423 523 527 523 423 710 156 7 539 380 23 383 676 381 382 24 668 13 308 433 155 392 390 14 133 176 399 282 278 194 198 199 64 199 198 194 271 269 265 260 65 63 239 52 231 226 221 521 213 15 211 15 219 217 215 228 215 216 214 222 214 216 215 217 219 227 685 686 240 244 66 27 28 281 513 517 518 687 518 517 513 281 28 27 285 67 290 394 396 14 390 392 155 433 391 310 673 546 31 311 378 149 159 161 650 327 326 325 34 108 362 360 365 364 330 332 90 339 340 437 89 88 336 335 336 88 89 437 340 339 81 337 81 339 90 329 86 330 364 365 360 362 108 107 108 362 360 361 360 362 108 34 105 374 33 531 469 32 377 311 378 149 159 161 160 153 320 323 11 12 141 385 140 379 655 693 13 308 433 137 136 677 310 673 546 31 311 378 149 159 161 160 153 320 323 11 319 10 324 322 535 322 528 98 92 97 96 102 532 102 96 328 95 94 99 94 95 328 96 97 92 98 325 34 105 374 33 326 325 34 108 362 360 365 364 331 35 357 21 352 351 348 688 348 350 347 707 694 349 36 353 709 355 346 144 37 344 343 345 146 345 343 344 37 144 346 355 709 353 36 349 694 707 347 350 348 351 352 21 357 35 331 364 365 360 362 108 34 105 106 174 373 374 33 326 325 98 528 322 324 10 9 8 321 7 156 710 423 523 527 142 527 523 423 710 156 7 539 380 23 383 676 381 382 24 668 13 308 433 137 20 0 449 450 109 454 59 60 445 408 409 148
419 224 42 815 297 55 69 283 641 238 17 387 144 13 811 446 447 382 380 159 177 825 822 824 394 772 630 624 518 181 163 828 218 531 818 424 50 708 325 306 653 149 378 196 171 175 384 182 435 823 819 635 214 461 462 235 154 523 520 156 789 166 672 82 440 84 174 807 11 14 40 41 44 46 54 56 57 58 59 60 70 71 76 77 78 79 80 81 83 85 86 87 88 89 90 91 92 93 112 114 115 116 117 118 119 120 121 124 128 132 134 151 152 153 158 160 165 168 169 170 172 173 176 184 185 186 187 188 193 194 195 215 216 217 227 229 230 231 233 236 239 253 254 317 324 335 339 365 366 367 369 370 374 375 389 400 401 402 423 432 433 436 437 449 450 451 532 538 632 633 634 644 682 683 692 702 703 705 706 714 741 771 773 790 795 802 805 812 813 821
154
148 409 408 445 60 43 288 41 666 39 277 39 666 665 666 41 288 267 288 41 666 39 277 200 61 664 56 54 659 660 659 488 51 50 52 231 226 225 226 231 52 239 63 65 260 255 260 265 269 271 194 198 199 201 1 202 446 134 110 109 454 452 455 452 454 109 450 449 0 20 137 433 308 13 668 24 309 307 305 25 300 298 26 395 297 397 393 297 395 294 67 285 27 28 281 280 279 280 281 28 27 66 244 240 686 685 227 219 217 215 216 214 212 19 224 730 224 19 212 214 216 215 217 219 15 213 521 221 226 231 52 239 63 62 252 661 51 488 659 54 56 664 61 200 277 39 666 41 288 43 60 445 408 409 148
37 640 333 637 29 347 305 797 716 642 457 742 307 308 778 783 399 288 699 302 350 43 48 51 68 126 127 131 133 135 203 204 257 285 316 318 319 343 403 404 411 412 543 643 654 655 710 712 754 776 777 779 781 782 784 785
330
148 409 408 402 403 506 268 48 47 501 498 500 46 505 45 505 503 505 46 500 498 501 47 48 268 506 403 402 184 720 416 69 68 398 71 405 406 72 406 434 417 113 126 407 594 574 573 579 575 581 578 581 575 579 582 125 178 590 178 261 571 257 589 680 185 588 586 718 717 718 557 560 192 190 196 569 566 430 315 429 315 430 431 642 115 316 318 317 180 641 183 619 204 622 3 624 625 624 626 422 629 421 177 4 5 4 177 420 616 432 637 635 636 635 633 117 633 635 637 432 616 420 177 419 197 189 190 196 564 562 552 193 111 112 111 193 130 180 641 183 131 620 79 613 76 435 76 613 79 613 76 75 206 75 76 205 607 605 78 603 78 605 607 205 76 435 181 124 132 182 132 124 181 435 179 203 131 183 641 180 130 552 562 564 196 569 192 560 557 718 586 588 185 680 185 129 119 679 138 679 197 419 177 421 630 420 616 432 637 635 633 117 742 117 633 635 637 432 616 420 177 419 197 679 119 129 185 680 589 257 584 583 584 257 589 680 185 588 586 718 557 560 192 569 196 564 562 552 130 180 317 640 639 740 639 640 317 180 641 183 619 204 622 623 622 3 624 626 422 628 422 629 421 177 420 616 432 616 420 177 419 631 419 197 419 177 420 616 432 637 638 637 432 616 420 177 419 197 679 119 129 185 680 589 257 571 261 178 125 582 592 574 594 407 126 113 417 434 406 405 71 398 68 69 416 720 184 402 408 409 148
136 208 207 501 409 569 580 684 269 556 357 770 591 267 612 241 276 100 109 98 103 0 794 775 755 252 803 594 595 792 576 806 590 593 247 245 597 249 613 2 4 5 99 104 105 106 107 108 111 205 206 242 243 244 246 248 250 251 259 260 261 262 263 264 265 266 271 272 273 358 362 363 503 562 563 570 572 575 614 615 616 695 696 697 718 719 720 721 722 723 724 726 728 729 731 732 733 744 746 747 749 756 757 759 760 761 762 763 765 766 767 768 769 774
138
148 409 408 402 184 720 719 720 184 402 445 60 43 288 41 666 39 277 200 61 664 663 664 56 54 659 488 51 661 252 62 63 239 52 231 234 231 52 50 51 488 489 57 201 199 198 194 271 269 265 260 265 269 271 270 271 194 198 199 201 134 110 109 450 449 450 109 454 59 684 682 60 445 402 184 720 416 69 68 478 479 480 127 128 461 463 171 166 165 167 466 22 20 0 508 2 389 14 396 394 290 67 285 27 28 281 513 517 516 517 518 29 728 29 518 517 513 281 28 27 285 67 290 394 176 133 487 202 446 134 110 109 454 59 60 445 408 409 148
685 38 639 47 129 130 328 30 715 277 123 125 312 255 256 455 483 471 510 74 6 10 12 39 45 49 67 72 122 258 275 418 491 700 740 800
