72
476
5555 2778 2777 2776 1340 2977 5141 1436 2978 1435 5141 1436 2978 1435 4561 2776 1517 1631 2807 1329 1328 1616 1621 1630 1621 1616 1328 1631 2807 1526 1338 1329 2807 1526 2802 1337 5556 1533 5556 1337 1532 2955 1509 1513 1484 1506 7381 1506 1484 1513 1509 2955 2956 1500 1515 1501 1549 3340 1502 3973 1481 1497 1505 1490 1508 1505 1497 1481 3973 1502 3400 3403 3488 3341 4563 548 3981 1545 1548 5552 576 5553 5589 1572 1581 4259 1596 1587 4260 3388 1585 2794 1570 1576 4592 5550 4588 4750 1560 1612 5252 3378 3825 2837 1605 2818 1698 2920 2840 1603 5646 3991 4283 1602 4283 3991 3990 3992 7379 3990 3991 5646 1603 2840 1848 1851 1543 1699 1845 569 1850 1849 1542 1849 2141 4755 4754 4755 7176 4029 5485 2848 2873 3012 1536 1535 1536 2808 2848 5485 3971 2823 2851 2919 2903 4499 2893 4493 2914 2905 4737 2888 2872 4573 2881 4671 2817 499 4462 4440 2722 7250 2722 4440 2131 2804 2835 2876 2890 1684 2355 4729 2355 5238 1280 4049 4644 2927 2930 1428 1427 1426 1425 3304 5418 1176 3305 3306 3348 6018 6019 657 1287 2732 2357 1825 954 1807 897 3362 3359 939 6086 938 873 652 650 652 1709 1674 7150 1598 1599 1597 1887 6087 1674 7150 1598 1599 1597 1681 5328 5329 5330 653 651 653 5331 654 6194 946 6196 912 5332 912 6196 946 6194 654 5331 955 6199 6197 6199 5330 5329 5328 937 655 7049 655 937 5328 1681 1887 6087 1674 7150 1598 1680 958 948 916 924 910 924 916 4939 909 4937 909 262 948 916 924 910 4328 5309 2652 6100 4960 4961 4960 5310 5362 5363 5362 5340 7059 7056 6110 7056 7059 5340 5362 5310 932 1703 4329 6103 6102 921 5347 5889 1832 5377 5383 5382 5378 5380 5379 5382 5383 5377 1832 5889 1833 3946 882 6192 662 6192 882 566 134 1143 135 3399 5892 5893 5890 567 566 134 6152 4959 660 5124 6151 6189 6134 6175 6176 6175 5210 1795 6188 6106 4678 6106 6140 6138 6136 6141 6135 6137 6139 6142 1476 3949 3950 4932 6128 6127 6128 4932 3950 6131 1793 3951 5212 4942 6125 1797 6114 6115 6120 6118 6117 6122 3358 939 6086 938 873 652 1709 1674 7150 1598 1680 958 948 916 924 910 4328 1693 2367 6107 6108 7052 1460 3095 7052 6108 6107 4143 6112 4144 2639 2364 4974 4972 2368 2637 2635 2646 4969 2641 260 259 261 2469 2369 2372 1349 6993 6111 1703 4329 6103 6102 921 5347 1833 3946 882 566 134 1143 135 457 6166 4471 2060 243 246 255 6005 480 2090 4545 482 481 483 1441 1440 5639 1165 1435 4561 2776 2777 2778 5555
5538 8002 8431 1817 8430 663 146 1728 3606 5817 3762 3764 8684 5354 36 312 4453 8591 5786 13 8584 5805 3 7893 4950 177 4570 2567 1924 5516 1147 8602 8599 8717 1138 5260 5263 842 851 1425 5958 6841 3054 6012 854 850 1978 6289 6288 1149 1150 8373 6900 4401 4399 8564 6861 6851 8545 8594 34 155 157 283 288 290 291 511 512 600 662 837 839 841 848 886 1050 1056 1350 1426 1721 1727 1759 1814 1923 1925 1928 1959 1960 2568 3059 3063 3602 3603 3631 3750 3751 3755 4217 4218 4219 4951 5218 5219 5223 5224 5227 5228 5229 5230 5397 5398 5483 5515 5517 5691 5700 5802 5803 5926 5952 5955 5960 5977 6233 6282 6284 6375 6684 6844 6845 6859 7119 7624 7625 7631 7914 8236 8238 8243 8257 8321 8374 8531 8561 8562 8576 8596 8600 8601 8603 8613 8699
1525
5555 2778 2777 2776 1517 1631 1328 1341 1340 2977 5141 1618 1626 1623 1625 1623 1626 1628 1632 5614 1632 1628 7146 7149 7148 7149 7146 1329 2807 1526 2802 1337 5556 1533 1534 7389 5610 5611 5610 7389 1534 1532 2955 2956 1500 1503 1523 1503 1500 1515 1501 1549 4565 4566 5194 4563 548 3981 1545 1548 5552 576 5553 5589 1572 1575 5585 1569 5585 1595 5592 1566 5596 4753 1570 2794 1585 2794 1565 2887 1592 3293 3294 2879 4261 2879 4594 4593 2887 1592 1584 1582 5557 1594 7382 1588 1589 1588 7382 1594 5557 1582 1584 1592 3293 5521 2727 2814 1544 7143 2845 7142 5528 5529 883 5531 2811 5532 5533 5534 962 5535 2833 5530 7142 5528 5529 883 5531 5532 5249 5532 5533 5534 962 5535 2801 5536 5572 5571 5570 5563 5565 5559 5562 5563 5570 5571 5572 4576 4577 5201 1480 3988 3989 3978 3979 3446 3443 3440 3976 3440 3443 3446 3979 2875 3826 2822 4564 4565 3340 1502 3973 1481 1520 1481 3973 1502 3400 3403 3488 3341 4563 548 3981 1545 1548 5552 1878 1179 3902 1593 4317 3901 5644 4316 5642 5641 5643 5641 5642 4316 5644 3901 4317 1593 3902 1179 1878 5551 3398 5550 4588 4750 1560 1612 1613 1611 1613 1612 1560 4318 5351 5659 5352 5354 5361 5355 5361 5354 5358 5359 1869 1870 1609 6992 1609 2839 568 1320 1322 5656 2849 1859 4349 1754 4848 4629 4846 4282 3550 3549 1148 1149 3550 3549 2984 3087 6997 1155 4906 4536 4908 1153 1152 6991 1753 4136 1980 1981 1982 5161 2859 4413 2214 2176 2155 3588 3590 3592 3593 3592 3590 3588 2155 2157 2258 2201 3584 3560 2990 3580 2990 3560 3584 2201 7121 2157 2155 2176 2159 5670 2165 2164 4364 4608 5166 5164 4584 4583 4584 2675 2676 2162 5683 3701 3019 5668 4580 2675 4584 5164 5166 5165 3714 5162 5163 1074 5441 1116 5695 5696 5695 2896 3073 1046 1092 1046 3073 2896 1045 1061 1041 4532 4889 4890 4889 745 1964 1007 987 1002 987 998 454 455 1206 1966 983 1966 1206 1965 1964 1007 1129 1105 1130 4534 4384 1697 5439 3230 4539 5118 3238 2506 3239 2502 2500 2499 2500 2524 2497 7218 2497 2524 533 440 2527 2529 2531 2525 424 423 422 6822 6828 6830 4433 2493 2492 2491 5067 5068 5067 6860 5274 4616 3698 3711 3237 3234 3235 3236 3235 3234 3233 5691 5689 3231 3230 5439 1697 4384 4534 1130 1040 4532 1041 1087 1984 1117 3833 3832 3833 1058 4813 4343 801 4342 1067 1109 1067 4342 4341 1062 1106 1062 994 4899 122 4333 1208 829 781 4710 781 829 1208 777 1955 740 862 5271 4712 7029 5270 1205 1953 1952 1954 1956 770 927 4107 4103 4110 4103 4101 4104 1961 995 1018 4111 5760 5753 5735 5749 5738 5737 5740 5739 5750 5746 5758 993 1099 1070 1049 1075 1049 1070 1099 1121 1135 1050 1057 1065 1057 1107 5761 1123 861 1111 861 1123 5764 750 4714 850 4716 850 4714 750 4719 2423 760 7022 871 804 871 7022 760 945 1951 5772 1655 816 5777 5776 5775 5774 1960 5774 914 5785 5715 843 766 5727 4362 2889 5262 1968 2949 2871 4043 4044 4043 2898 4631 5620 2906 1898 5149 2726 4094 5628 5624 5628 5627 4770 4599 5146 1604 5663 4601 5663 5661 5662 5661 5663 1604 5146 4599 4082 615 4773 4081 5629 4094 2726 1888 2725 2724 1150 1151 1846 1324 1325 1320 1322 5656 2849 2846 3332 1868 3332 3484 1855 3484 539 1542 1849 2141 5481 2766 2767 5148 222 223 2140 2851 2823 2834 2873 3012 1536 2808 2848 2873 3012 3013 2143 4857 2145 2147 4855 4854 4852 4853 4852 2145 4857 2143 2144 1899 3463 1899 2144 2143 4857 2145 2147 2820 2841 4652 3719 5154 4819 1538 1537 1538 2211 4789 2246 4512 2225 4512 4511 4512 2225 2274 5158 4862 2239 4864 2239 4862 5158 4394 1875 1876 2981 1876 1875 5133 2275 5135 2292 2270 2268 2270 2292 5135 5134 2227 5132 2252 2263 2281 2263 2252 5132 2227 5134 2217 2267 2253 2267 2217 5134 5135 2264 2203 2215 2229 2215 2203 4513 2238 2249 5280 5131 2205 4868 4870 4868 2205 5130 3507 2272 4399 3506 3638 3639 3638 3635 3658 3660 3658 3635 3636 3637 3636 3635 3658 7155 3569 3575 5284 3617 3663 7156 3621 7156 2174 2334 2335 7085 7087 7088 7087 7085 2335 2334 2174 3664 4252 3662 2200 5289 5288 3815 4643 4642 5501 7133 7132 7130 2202 3642 3640 3641 3074 2410 2413 2417 5511 5510 7100 2421 2414 3738 3736 2415 3741 2415 3739 2418 3739 2415 3736 3737 2290 4357 2221 4257 3726 4257 4358 3730 3732 2204 3732 3730 4358 4257 3742 3809 4359 2289 5291 5138 2226 3009 2237 2241 2209 4989 2209 2241 2237 3009 2226 5138 5291 5290 2266 2232 5014 3504 2207 2236 2299 3667 3668 3667 2299 2304 2326 2308 2326 2304 2299 2236 2302 3493 3500 3498 3497 3498 3500 3493 2302 2236 2207 2322 2305 3666 5288 5289 2200 3662 4252 3664 2174 7156 3628 2160 2180 2181 3671 3670 3669 4531 2184 5286 3625 3624 5442 73 4529 2175 4249 3572 3573 4248 3519 3518 3525 5174 5176 3570 7154 2154 4249 3572 3573 4248 5112 3516 2901 2420 2878 4367 3592 3590 3588 2155 2157 2258 2188 4825 3558 1841 3555 1840 4827 3552 4829 2987 2988 2987 4831 4117 2723 3547 4245 3546 4246 3544 4247 3538 1880 4822 5155 5159 3533 4517 4398 2228 3528 2262 4251 2249 2238 4513 2203 2215 2229 2233 2212 4508 2213 4506 2257 4875 2199 2216 4350 2216 2199 4875 2257 5513 5512 7099 7100 2421 2414 3738 3736 3737 2290 4357 2221 4257 3726 3723 3746 2419 4258 7127 3748 5257 2917 1881 5258 2910 1673 1672 1673 1345 5282 2892 3816 3817 3816 2892 5282 5002 5001 5002 5283 5004 5283 5002 5282 2892 1423 2892 5282 1345 1673 2910 5258 7227 5258 1881 2917 5257 3748 3749 3748 7127 4258 2419 3746 3723 3726 4257 2221 4357 2293 4357 2290 3737 3736 3738 2414 2421 7100 5510 5511 5510 2231 2251 5507 2251 2231 5510 5511 5512 5513 2257 4506 2213 4508 2212 2233 4397 2230 4397 2233 2229 2215 2203 4513 2238 2249 5280 5131 4396 2218 2219 2218 4396 5131 2205 5130 3507 2272 4399 4873 4399 3506 3638 3635 3636 5506 3636 3635 3658 7155 2154 4249 2175 3633 3634 3633 2175 4249 2154 7154 3570 3571 3570 7154 2154 4249 3572 5177 2915 4790 5277 3611 2880 4793 4795 4796 73 4796 4795 4797 4799 4800 3629 3630 3629 2183 2296 2907 2296 2323 2307 2333 3219 2331 2301 5043 2295 2324 2295 5043 2301 4547 4546 4547 3679 3674 2336 3678 2336 2309 2320 4404 2332 4405 2329 2297 2337 2311 3681 2313 3687 2312 2306 2298 2317 2338 2311 2337 2325 2329 4405 2332 4404 2320 2309 3679 4547 2301 2331 3680 2331 3219 2333 2307 2323 117 3216 4554 5678 5679 5678 4554 3215 3214 3217 5179 4879 5179 3217 3214 2177 3706 2169 3704 3708 2185 2166 2173 2156 427 2156 2655 3632 2189 3632 2655 2656 4412 4410 4412 2656 2657 2659 2663 3705 2663 2664 2663 2659 2657 2656 2655 3632 2189 2172 2171 2162 5683 3701 3019 5668 4580 5668 3019 4581 5167 5168 2670 3221 5687 5171 3198 5276 6877 2179 4409 3201 3204 3201 6876 3202 3208 6874 3207 6874 6873 6874 3208 3202 4408 3209 4408 4409 2179 6877 5276 3198 5171 4575 5178 3693 3694 5368 3696 3699 3196 2489 3756 3755 4434 4436 4435 3192 2479 4437 2471 2472 2474 4438 3245 3766 4633 3768 3767 3768 3769 3771 3774 3775 452 4439 6855 2538 5275 4614 5275 3791 3782 3783 3782 3789 74 75 76 75 74 5061 5057 5059 5055 5053 3788 5051 7065 4415 3242 3241 6837 7323 6837 3241 3242 4415 6840 2537 5049 4614 5275 2538 6855 4439 452 3775 3774 3771 3769 3768 4633 3766 3245 4438 5303 6880 6856 6880 5303 4438 2474 2472 2471 4437 2479 3192 4435 4436 4434 3755 3756 2489 3196 3699 3698 4616 5274 3190 3188 3191 3184 3187 3183 4623 4433 6830 6828 6822 3181 4085 530 535 5299 2558 1468 2543 5045 2877 3799 5047 7259 3797 3796 3797 2568 6849 6832 3069 2909 1470 7312 1470 2909 3069 6832 6849 2568 3797 7259 5047 3799 2877 5045 2543 1468 2558 5299 535 530 4085 3181 6822 6828 6830 4433 2493 5080 5082 1469 5298 2497 2524 2500 2502 3239 2506 3238 5118 4539 3230 5439 1697 4384 4534 1130 1040 4532 1041 1087 1984 1117 3833 1058 4813 4343 801 1091 4815 1982 1981 1980 5713 2898 798 2884 818 734 5529 883 5533 5534 962 5535 2801 5536 5572 4576 4577 5140 1622 5611 1533 5556 1337 1339 1338 1329 1328 1341 1340 2776 2777 2778 5555
8433 1819 8314 6479 7793 289 6477 143 1743 67 8678 282 4189 5563 1797 7623 5550 5553 673 6430 6420 4444 1769 1741 3604 6504 6503 1808 6240 6241 8318 401 392 8385 1890 2166 2441 2349 3995 2028 4716 5504 4369 6534 1504 5902 1262 1458 8205 1445 3831 3832 6125 2741 2759 2763 6124 5155 4223 1552 1509 697 696 5734 728 735 2141 4616 1481 5752 4618 6586 6552 1544 1489 1483 1474 1348 384 6550 357 493 4551 6484 514 6518 4891 2000 7976 2990 522 6374 518 5879 3871 8585 2455 5376 5006 532 2460 2416 2426 2421 4989 5009 2467 4028 4041 6392 4851 4861 7756 270 273 2473 3295 4103 4995 2425 5366 4151 4091 6066 764 4047 2492 3931 4844 260 249 3168 5891 8672 4172 6051 758 8663 689 4159 4106 4153 4152 5373 5369 5368 2413 6394 2408 682 2444 2481 2471 5010 4026 6393 4732 4021 4023 549 4870 7983 4019 4857 5036 5058 5469 4053 5042 5461 2527 5069 5074 4054 6527 3073 3074 8183 5600 5126 4065 2901 2343 5093 4738 749 5076 3434 3439 7495 3442 5100 5110 5111 5112 5113 4115 5129 6128 4122 5141 3474 795 5150 4137 5409 74 11 31 62 76 90 141 145 232 234 235 247 250 257 265 266 267 268 269 271 272 277 292 293 377 378 379 381 394 402 515 516 544 545 678 679 680 695 699 717 718 724 725 726 729 730 732 734 736 739 740 741 746 747 748 750 756 757 765 794 1263 1280 1281 1282 1287 1306 1307 1325 1346 1347 1453 1454 1460 1479 1480 1487 1488 1490 1491 1492 1494 1539 1540 1541 1545 1551 1581 1725 1726 1735 1755 1792 1793 1794 1795 1798 1807 1811 1812 1884 1886 1887 1889 1985 2023 2024 2055 2056 2057 2058 2138 2159 2160 2336 2337 2347 2348 2350 2351 2352 2355 2356 2363 2365 2366 2367 2369 2372 2395 2397 2398 2399 2400 2404 2406 2409 2410 2411 2415 2417 2418 2424 2435 2440 2443 2446 2454 2456 2457 2462 2466 2482 2496 2504 2511 2516 2517 2524 2525 2653 2764 2783 2784 2785 2895 2896 2897 2898 2909 2952 2991 3044 3072 3296 3433 3435 3445 3461 3463 3465 3471 3472 3473 3521 3526 3527 3607 3633 3821 3822 3823 3826 3828 3829 3830 3833 3834 3836 3837 3840 3841 3842 3843 3902 3903 3926 3928 3936 3937 3946 4017 4027 4032 4049 4066 4074 4077 4078 4079 4081 4089 4090 4150 4154 4155 4157 4158 4160 4162 4163 4180 4181 4186 4187 4188 4274 4275 4277 4332 4414 4415 4418 4451 4452 4481 4482 4718 4719 4725 4726 4728 4731 4800 4801 4828 4831 4834 4837 4840 4842 4847 4848 4849 4852 4853 4855 4864 4866 4867 4871 4873 4875 4882 4897 4916 4978 4982 4983 4987 4988 4990 4993 4994 5001 5002 5007 5008 5016 5019 5030 5032 5033 5034 5035 5037 5048 5050 5051 5052 5059 5060 5068 5073 5087 5088 5089 5097 5098 5104 5105 5107 5109 5115 5118 5119 5130 5133 5134 5146 5147 5202 5203 5204 5206 5400 5403 5405 5406 5412 5413 5415 5416 5428 5429 5430 5431 5432 5434 5450 5458 5459 5460 5476 5496 5497 5510 5511 5522 5554 5568 5578 5582 5601 5602 5603 5605 5661 5917 5918 6061 6108 6156 6242 6245 6405 6428 6454 6455 6473 6475 6476 6499 6505 6507 6508 6556 6571 6578 6579 6584 6585 6598 6599 7463 7542 7555 7574 7590 7707 7739 7764 7765 7771 7809 7970 7985 8016 8175 8177 8343 8386 8387 8390 8391 8434 8440 8605 8614 8679
1167
5555 2778 2777 2776 1517 1631 1328 1341 1517 1631 1328 1616 1619 1616 1328 1631 2807 1329 7146 7149 7146 1329 1328 1341 1517 1527 1315 5636 1524 4266 98 95 98 1526 2802 1337 5556 1533 1534 5610 7389 1534 1532 2955 1509 1513 1484 1506 7381 3986 1504 4036 1483 1495 1510 1488 1509 2955 2956 5519 1496 1492 1501 1549 4565 4566 5194 4563 548 3998 4567 4564 1501 1549 4565 4566 5194 4563 548 3981 1545 3485 1550 3485 5554 3485 1545 1548 5552 576 5553 5586 5588 5586 5553 5589 1572 1575 1572 5589 5553 576 1548 1553 1548 5552 576 5553 5589 1572 1581 4259 1596 1587 4091 5597 4091 1587 4260 3388 1585 2794 1570 4753 1570 1576 4592 5550 4588 4750 5254 1554 5253 5252 3378 3825 2837 1605 2818 1698 2920 1601 2904 5650 4320 1586 5038 5653 3821 5653 5038 5652 3820 1559 5037 5653 5038 1586 1552 3819 1552 1586 4320 5650 2904 1601 2920 1543 1699 1845 5476 4475 4321 222 223 2766 5481 2141 1849 1542 2818 1698 1699 1845 5476 4500 5476 4475 4321 222 223 2766 5481 2141 1855 541 1844 1177 1856 1859 4349 4045 4348 1842 1843 2142 4628 1879 4769 4768 4769 1844 1177 1856 1859 4591 4630 1321 1323 1852 1144 4282 3550 617 2723 617 3550 1149 1150 1151 1144 4282 3550 3549 2984 3087 6997 1155 616 1155 1156 1155 4906 4907 4906 4536 4908 1153 1154 4908 1153 1152 4326 984 4911 972 2906 5620 1949 973 1949 5261 1949 5620 4631 2898 4043 2871 2949 4694 4693 4694 2949 1968 5262 2889 4362 5727 5716 825 753 5722 753 845 784 792 802 5724 5725 5724 802 1119 5271 862 740 1955 4682 1071 4681 1115 1124 1115 4681 1071 4682 1955 777 1962 1195 1963 2510 745 1964 1965 1206 1965 1964 1007 1129 1105 1130 4534 4384 1697 5439 3230 3231 5689 5691 3233 3234 3237 3711 3698 3699 3196 2489 3756 3755 4434 71 4434 4436 4435 3192 3193 6871 6872 6871 6883 2480 3199 3200 3199 7063 6885 5276 6877 2481 2168 5292 2168 2179 4409 3201 4409 2179 2168 5292 2666 2177 3214 3215 4554 3216 2166 2173 3613 5278 4406 4403 2189 2172 2171 2162 5683 5684 5683 3701 3019 4581 2679 3487 5164 4584 2675 2676 2675 4584 5164 3487 4884 3487 2679 4581 5167 5168 2670 3221 2670 5168 5167 5169 3225 3691 3226 3228 3694 3693 5178 4575 5171 5687 2487 2486 2485 5682 2669 5682 2484 2665 2661 3703 2660 2659 2657 2656 2655 3632 2189 4403 4323 4807 5697 4807 4323 4324 4325 2901 3516 5112 4562 4137 4562 5112 4248 3573 4248 3519 3518 3525 5174 3524 5174 3525 3526 3525 3518 1882 3514 4365 4370 1837 1880 4822 4823 4822 1880 3538 4247 3544 4246 4833 4834 4833 4246 3544 4247 3535 3561 3562 3579 3577 3579 3562 3561 3535 1880 4822 5155 5159 3533 4517 4398 2228 3528 2262 4251 2286 2246 2286 2242 5255 4250 5133 1875 4067 4068 2263 4068 2282 4068 2263 2252 5132 2227 5134 5135 2292 5135 2264 2203 4513 2238 4513 2203 2215 2229 2233 4397 2230 2259 93 2245 2285 2230 4397 2233 2212 4508 2213 4506 2257 4875 4876 4875 2257 5513 5512 7099 7101 7099 7100 2421 2414 3738 3736 2415 3739 2418 2416 4359 3809 3742 3807 3742 4257 4358 3729 3728 3729 4358 4257 2221 4357 2290 3737 4510 3744 3743 3744 4510 3737 3736 2415 3739 2418 2416 4359 2289 5291 5138 4994 4993 4994 5138 2226 3009 2237 2241 2209 2261 5011 2771 2770 5010 2770 2771 5011 2261 2209 2241 2237 3009 2226 5138 5291 2289 4359 3809 3742 4257 3726 3723 3746 2419 4258 7127 7128 7127 3748 5257 2917 1881 2788 2787 2786 5186 3751 3753 3752 230 229 230 5186 5187 5188 5111 2968 2969 2967 5031 2970 5031 2967 2969 2968 5189 2197 2098 509 2097 2094 2100 2734 1301 4621 5033 2377 2687 2377 2152 2683 2682 2683 2152 2377 5033 4621 1301 2734 2100 2094 2103 2102 2103 2101 4057 5182 5244 5180 5181 1309 510 2729 510 5026 2374 2195 2194 5183 5030 2425 7369 2425 2426 4297 5235 7264 3958 5017 5015 5016 5015 3082 4296 2769 2768 3957 2768 2769 4296 3082 5015 5017 3958 7264 5235 4297 2426 2425 5030 5183 5385 5029 5030 5183 2194 2731 2730 2729 510 1309 5181 5180 5244 5182 1299 1347 3968 1347 1299 3967 4057 2101 2376 2409 7357 2409 2376 2375 2912 2375 2100 2734 1301 508 2104 2099 2912 2378 2291 528 1877 7137 4527 2129 2127 4524 4049 1280 5238 2355 1684 1275 574 4645 575 1304 1453 224 1306 5460 5245 2821 2795 2813 2128 270 269 2130 2132 1688 1689 4064 2799 4051 2130 2132 498 4063 1685 102 10 1160 1848 1851 1543 2920 1601 1607 1601 2904 5650 4320 1586 5038 5653 5037 5653 5038 1586 4320 5650 2904 1601 2920 1543 1699 7166 4572 4590 3969 1886 3366 3367 2140 2851 2823 3971 2823 2851 2919 2903 4499 2893 4493 2914 4493 4501 3457 4497 4495 4497 3457 3454 4757 3454 3458 20 3456 4743 2897 2139 2891 2872 4573 2816 2881 4671 2817 499 4462 499 2135 502 4776 502 2131 2804 2835 1304 575 4645 1885 7249 2995 5458 2908 5231 2908 7249 2995 3927 2344 3927 2995 7249 2908 5231 4729 2355 5238 1280 1252 1238 2691 1253 5454 1228 5454 1253 2691 1238 1248 5452 1284 1224 4730 1220 4730 1224 1284 5452 1248 1238 1252 1280 4049 4524 2127 2129 5239 518 4657 4658 4388 4140 519 2899 503 5448 5240 4379 7351 4379 5240 523 5240 4379 514 5490 505 5447 6472 515 6472 2928 2929 4644 4049 4524 2127 2129 4527 7137 1877 2838 2812 1707 5335 5336 1883 2886 2191 4762 7152 4762 2191 2192 4765 2192 2191 4762 7152 2847 5472 2902 1876 1875 4067 2917 1881 2788 2787 2786 5186 3751 2965 2966 557 556 2969 2968 5189 5022 5021 5019 5385 5183 5030 2425 2426 4297 5235 7264 7371 7264 5235 5236 3961 5236 5235 7264 3958 5017 5015 3082 4296 2769 2768 3956 7377 3956 2768 2769 4296 3082 5015 5017 3958 7264 5235 4297 2426 2425 5030 5183 2194 2731 2730 2729 510 5026 2374 2195 2194 5183 5385 5019 5020 5019 5021 5022 5189 2197 2098 509 2097 2094 2103 2101 2376 2375 2912 2378 4744 5470 4744 2378 2912 3966 3963 4388 4140 519 2899 503 5448 5240 4379 514 5490 505 5447 6472 2928 2929 4644 4049 1280 1252 1238 1248 5452 1284 1224 5453 5452 1248 1238 1252 1280 5238 2355 1684 1275 574 4645 575 2913 1687 1884 1300 497 1310 4344 2996 3002 495 494 496 1854 1438 1439 1857 5496 5400 14 1440 5639 1165 1435 4561 2776 2777 2778 5555
8432 1810 8347 665 8005 6474 6463 1709 1710 1697 1720 1713 8237 4483 1757 6404 6449 6450 1774 1750 4596 4190 5783 6502 4205 4208 6513 6514 4201 2066 8683 5359 399 6372 5797 4841 4894 8394 8395 5913 1891 8379 534 4880 8359 2073 5722 4578 5607 5211 1549 1521 720 1265 1579 1580 3458 3462 4060 3427 5106 7493 3432 5056 5477 5031 5061 6529 5835 5502 5091 5834 3450 2910 540 2907 2899 5596 6360 259 3949 3950 406 5859 5864 3982 2401 2453 2318 2317 2032 2427 2428 2469 2445 681 683 8001 2407 5894 7766 2652 7858 4145 4088 4104 6070 6057 7785 4107 8149 3154 352 214 1671 209 2923 4441 4931 2612 3316 6077 4365 4431 6092 4439 103 100 350 337 186 190 192 7120 7122 881 3609 4901 3849 4902 5670 1801 6104 3648 113 1 5804 5351 4925 3162 4919 5494 510 2054 6358 5701 2535 1616 1636 420 8458 5764 4911 2386 3146 8293 6084 552 554 646 4434 4363 4958 2613 6080 564 2281 5775 419 6354 4 38 39 40 41 44 45 63 65 68 96 101 102 144 176 179 187 188 189 191 197 199 204 210 211 212 213 215 216 217 218 219 220 221 222 223 224 225 239 240 245 246 251 252 284 294 297 338 339 351 398 410 411 412 413 414 416 417 418 490 492 497 499 539 542 550 551 553 555 556 557 558 559 560 561 562 563 565 649 650 651 660 661 666 667 668 684 719 721 722 723 745 752 766 880 885 891 893 1082 1083 1215 1517 1518 1519 1520 1548 1637 1638 1639 1640 1646 1647 1648 1700 1703 1706 1707 1712 1729 1751 1758 1799 1815 1888 1892 1988 1991 1992 2022 2025 2026 2053 2065 2067 2135 2314 2319 2344 2345 2357 2389 2396 2433 2434 2458 2464 2519 2536 2614 2639 2640 2641 2643 2655 2656 2730 2731 2732 2733 2734 2735 2736 2900 2902 2903 2904 2905 2908 2996 3007 3008 3009 3010 3011 3122 3147 3149 3150 3151 3152 3153 3176 3177 3178 3210 3426 3449 3460 3538 3608 3632 3634 3635 3640 3763 3824 3825 3827 3867 3960 3967 3979 3984 4062 4087 4100 4108 4148 4149 4156 4164 4182 4185 4202 4203 4206 4207 4214 4215 4276 4364 4366 4411 4412 4437 4438 4440 4443 4547 4567 4568 4569 4571 4581 4712 4713 4714 4722 4723 4724 4737 4739 4753 4795 4830 4832 4833 4878 4879 4898 4903 4904 4905 4906 4907 4908 4909 4910 4913 4914 4915 4918 4920 4922 4923 4924 4948 4957 4997 5054 5055 5057 5084 5085 5086 5090 5095 5099 5101 5102 5123 5124 5125 5319 5364 5365 5441 5442 5443 5446 5492 5537 5573 5581 5617 5618 5623 5624 5635 5668 5690 5801 6058 6059 6062 6063 6064 6081 6082 6083 6091 6093 6100 6209 6210 6352 6361 6373 6406 6462 6472 6500 6501 6515 7117 7118 7121 7123 7124 7494 7519 7543 7544 7545 7546 7547 7548 7550 7551 7676 7892 7897 8003 8098 8228 8239 8252 8253 8292 8294 8320 8322 8393 8415 8442 8593 8685 8696
412
5555 2778 2777 2776 1340 2977 5141 1436 2978 1858 5431 551 1441 1440 5639 551 1441 4667 2963 2961 2850 1437 3928 1438 1439 1437 3928 273 5408 3436 274 3437 1172 4473 4673 4290 4277 1171 4672 1307 4670 2855 5117 4473 4673 4290 4277 1168 1694 1170 1167 2351 1166 1264 5458 2995 7249 2908 1275 574 4645 575 1304 2835 1304 1453 224 1306 5460 5245 5460 1306 4459 1306 5460 5245 2821 4460 2134 500 2136 4139 1685 102 10 1160 1848 2840 1603 5646 3991 4283 3991 3990 7379 3990 3991 5646 1603 2840 1848 1160 3368 3370 4064 2799 4051 2130 2132 1688 1691 1688 1689 4064 2799 4051 4077 270 269 270 2128 1305 2134 500 2136 4053 4054 4138 2138 5147 3367 2140 223 2766 5481 2141 1855 541 1844 1177 1856 1859 4591 4630 1321 1323 1324 1325 1320 1322 5656 2849 1859 4349 1754 4849 1754 4848 4843 4848 1754 4347 4346 5113 1755 5113 4346 4345 2836 2843 4851 4850 4851 2843 4649 2841 2820 2147 2145 4857 2143 3013 4322 3013 3012 2873 2834 5157 2798 4495 4497 3457 3454 3458 20 3458 4746 4777 4746 3458 20 5479 5156 4736 2139 2897 4743 4740 4742 18 4742 4740 4743 2897 2139 2883 5335 5336 1883 2886 2191 2192 4765 3461 4765 2192 2191 2886 5337 5336 5335 1707 2812 4653 4656 2291 2378 2912 3966 3965 3964 3963 4388 4140 519 2899 503 5448 5240 4379 514 5490 505 5447 6472 2928 2929 4644 4049 4524 2127 2129 5239 518 4657 5449 524 5449 4657 518 5239 2129 2127 4524 4049 1280 1252 1238 2691 2692 2691 1238 1248 5452 1284 1224 4730 1279 4730 1224 1284 5452 1248 1238 1252 1280 4049 4644 2927 2930 1428 1427 1286 2735 1426 1425 3304 1431 2424 1289 1258 1233 1258 1289 5232 4482 1244 4484 4485 4488 4485 4484 4489 4483 4482 1244 2810 4477 4478 2826 2806 1267 2806 2809 2 1786 1785 1786 2 2809 3430 3381 2353 1235 2358 2340 2341 2356 1175 3348 6018 6019 657 1287 2732 2357 2732 3873 6020 1266 3922 6025 3924 2340 3924 6025 3922 1266 1765 1766 1285 1767 1769 1241 1776 1241 1769 1767 1285 1766 1765 3923 935 1772 6008 6010 4382 4526 2772 5127 263 242 4288 3383 4520 2068 4378 3921 4426 4289 3007 481 483 1441 1440 5639 1165 1435 4561 2776 2777 2778 5555
19 1070 8712 5686 4707 3048 8232 2537 882 892 894 4964 5332 178 37 7915 3847 8682 443 4899 4900 114 5625 5580 400 5876 5872 396 1894 5878 48 517 523 520 4926 4921 5777 883 7926 4917 2045 2385 5642 4436 415 193 6351 6355 5762 2565 1614 5345 3317 1916 2563 2532 7621 2541 2539 1904 6 26 35 69 70 80 132 162 163 164 165 395 444 521 652 877 884 889 890 915 1058 1059 1061 1062 1064 1072 1621 1626 1634 1657 1661 1855 1900 1915 2046 2528 2530 2531 2533 2534 2540 2542 2554 2564 2566 2570 2922 3134 3137 3553 3848 3868 4281 4282 4748 4757 4938 4965 5393 5468 5579 5616 5619 5620 5641 5689 5692 5695 5696 5771 5773 6211 7526 7540 7541 7553 7564 7626 7810 7927 8231 8281 8404 8417 8698
215
5555 2778 2777 2776 1340 2977 5141 1618 2882 1442 1178 1442 1646 1635 3376 1653 2690 5541 1651 5542 1637 1639 1637 5403 1641 1652 3376 1635 1648 2080 5544 1295 7167 127 540 126 125 1866 1336 478 3393 3389 7209 7208 7203 7207 589 588 587 589 7207 7203 7208 7209 586 1860 677 1860 586 670 876 956 694 2719 2718 4048 4449 1718 4448 1717 1214 1218 1215 110 111 4267 1217 5405 1213 1478 2800 5540 3486 3311 1714 693 5247 81 667 868 896 880 957 933 877 957 880 896 667 81 5247 693 1714 3311 4122 4123 847 821 755 5809 5811 4447 534 5199 1678 5848 3290 5857 2716 5846 5832 5834 5835 5834 5832 5846 228 4059 2714 24 7224 5823 2715 4619 5857 3290 5848 1678 5858 2717 2972 2973 2861 3905 2860 2842 5873 821 847 4123 6978 2803 130 6468 6467 131 114 2428 1942 3356 6475 988 225 226 3380 1941 989 744 1940 4241 1945 6533 6531 6532 6531 6533 1945 4241 1940 744 989 1941 3380 226 225 988 6475 3356 1942 2428 114 132 6466 1716 1714 4449 1718 4448 1717 1214 1218 1215 110 111 4267 1739 1721 1158 1436 2978 1435 4561 2776 2777 2778 5555
8397 1848 3193 1837 8040 4175 8340 7862 2950 2948 8270 1872 7991 1400 1315 6647 4407 7167 326 875 1158 1316 1319 1398 1399 1401 1830 1831 1833 1842 1847 1850 1860 2111 2112 3194 3196 3207 3658 4408 4620 5277 5281 5287 6407 7571 7572 7575 7800 7834 7838 8018 8263 8268 8269 8317 8339 8398
23
5555 2778 2777 2776 1517 1527 1531 564 2150 564 1531 1313 4266 98 1526 1338 1329 1328 1341 1340 2776 2777 2778 5555
2329 97 296 8287 8443
623
5555 2778 2777 2776 1340 2977 5141 1618 2882 1158 1436 2978 1858 313 3351 317 6928 3353 6927 6934 2779 6938 2779 6934 4560 5429 2979 5429 303 6937 6920 6919 1446 346 350 361 412 409 411 339 379 2089 1895 6926 2092 2091 285 290 280 288 280 5886 5888 7175 3880 5344 5343 389 2793 4637 1745 1034 1033 1032 1030 83 1750 6241 7168 7170 3105 4556 6339 4556 4953 5341 6338 5345 3879 2864 2863 3881 458 5364 50 51 3888 3480 3887 5214 477 719 732 712 728 2435 623 643 623 961 889 5215 889 961 606 3469 4314 4679 614 724 2733 6362 6363 718 723 704 723 718 6363 597 4456 4454 1720 2858 7172 7171 3008 477 3474 3472 6371 3080 3944 1294 707 2436 600 6379 6378 919 3911 4606 109 108 6381 108 6382 3464 3908 3909 6385 3909 3908 3464 645 1419 3465 621 628 621 6255 1362 1443 3176 3433 3176 1443 3940 3943 5346 459 470 466 1863 5883 5386 549 5225 3432 3034 1397 5880 1398 5881 2936 165 6272 6265 6268 6270 6271 6273 6270 6268 6265 6272 165 2936 3953 3955 3952 3055 3032 3033 5967 7219 7220 1381 1379 1385 1388 2380 3037 1389 1387 1386 1388 2380 3037 1036 5962 5307 5962 1036 3038 6946 1867 1864 6945 5935 5936 967 966 965 964 963 966 967 5936 5935 6944 4610 58 2643 54 5943 5941 5940 5942 5940 5941 4609 5958 5317 1432 6083 2922 5957 5315 4419 1661 1658 1660 1161 4930 6411 5120 2630 4221 4167 4169 4165 4164 4163 4162 4163 6407 3124 3125 3126 3127 3126 3128 2610 6421 4926 2609 3132 552 3131 6422 2607 3135 3137 2924 5320 2603 4420 5325 5911 4204 5910 4204 4237 5900 5901 5900 4015 5899 5907 5904 5906 5908 2654 4205 6428 3148 3109 3276 3112 4916 3113 3117 3113 5896 5895 5896 3113 3117 3114 3115 7318 3115 3114 3117 3113 4916 3112 3276 3274 3273 4203 5915 5103 3106 2932 3106 5103 5915 4203 5910 4204 5911 5325 5913 5914 5913 5325 5911 4204 4237 5900 4015 5899 5907 5905 5326 2925 5908 2654 4205 6428 3148 3109 2926 2599 4949 6439 6437 4202 2945 6433 6435 2598 4921 4184 4921 2598 6435 6433 2945 2946 2945 4202 6437 6439 4949 5110 4199 4919 5106 2933 6400 5105 3836 4198 4197 4198 3836 5105 6400 2933 5106 4190 5109 3154 5108 7093 7097 7098 7097 7093 5108 6394 4375 5107 3120 3152 3121 4182 3121 6393 3122 4180 3123 6026 6027 5200 5122 2585 5401 2586 6444 2589 2592 2589 6444 2586 2594 5402 5200 6027 4161 6093 4157 7107 6089 118 6089 7107 4157 6093 949 6026 4941 6389 6387 2948 6209 2948 4377 5314 6200 2365 1296 2366 2939 2366 6202 6206 6204 6206 6210 6206 6202 2366 1296 2947 5311 1029 2934 7366 2934 2935 559 560 6951 6953 6972 6956 6958 6960 6958 6956 6972 6953 6951 560 559 2935 2934 1029 5311 5312 5313 5312 5311 1029 2934 2935 559 560 6951 6953 6972 6954 6963 6971 6966 6969 6966 6971 6963 6954 6972 6953 6951 560 559 2935 2934 1029 5311 2947 1296 2366 6202 6206 6204 6210 6206 6202 2366 1296 2365 6200 5314 4377 2948 6387 6389 4941 6026 949 6093 4157 7107 6089 6088 4944 655 937 5328 1681 1887 6087 1709 652 873 938 6086 939 3359 3362 897 1807 954 1825 2357 2732 3873 4995 3923 935 1772 6008 6010 4382 4526 2772 5127 263 242 4288 3383 4520 2068 4378 3921 4426 4289 3007 481 483 1441 1440 5639 1165 1435 4561 2776 2777 2778 5555
8280 868 1014 1022 858 932 3075 8370 8276 3912 1845 6224 4301 606 608 1124 619 7052 1117 1199 5290 8420 7681 7070 8554 4390 4391 3844 811 8504 3226 6959 8479 8488 7870 8351 6733 8621 3692 3685 5945 3371 4673 6696 6703 3346 6693 5247 460 6705 4813 4811 3132 4665 7763 4649 3693 5928 8024 6919 1396 6917 5972 3814 7655 817 814 7653 6914 89 457 458 459 602 603 607 611 813 819 820 833 869 933 1019 1029 1030 1031 1397 1681 1683 1846 1926 1927 1929 1961 1962 1963 1964 1965 1966 1967 1968 2591 2593 2594 2595 2596 2597 2598 2603 2604 2605 2606 2607 2665 2819 2829 2830 2831 2842 2843 2844 3017 3029 3093 3094 3158 3233 3276 3291 3347 3349 3350 3356 3358 3359 3360 3361 3362 3363 3365 3366 3413 3504 3554 3555 3679 3680 3681 3686 3687 3688 3689 3690 3691 3743 3815 3816 3817 3818 3819 3876 3877 3906 3921 4226 4300 4343 4392 4422 4423 4426 4553 4554 4555 4641 4664 4763 4812 4814 4815 4816 4817 4818 4820 5246 5518 5677 5927 5929 5930 5943 5944 5970 5971 6197 6223 6292 6691 6699 6724 6734 6839 6946 6962 6966 7047 7049 7050 7053 7054 7056 7057 7069 7082 7083 7649 7650 7651 7652 7656 7657 7658 7659 7660 7680 7682 7684 7734 7854 7855 7869 8015 8249 8251 8275 8297 8298 8330 8348 8349 8354 8355 8365 8368 8369 8399 8413 8460 8489 8494 8501 8616 8617 8619 8629 8630 8631 8632 8633 8634 8635 8636 8637 8638 8640 8641 8642 8643 8644 8645 8646 8647 8648 8649 8650 8651 8652 8653 8655 8656 8657 8660 8661 8662 8718
415
5555 2778 2777 2776 1517 1631 2807 1526 2802 1525 2728 100 1516 5635 1503 1500 1515 1501 1549 4565 4566 4567 2822 3826 2875 3979 3446 3980 3984 3980 3446 3979 2875 3988 1480 5201 4577 4576 5572 5571 5572 5536 2801 2833 5530 7142 5528 734 5529 883 5533 5534 962 5535 2801 2833 5530 7142 5528 734 818 734 5529 883 5533 5534 962 5535 2833 5530 2845 7143 1544 2814 2727 5521 3294 2879 4261 4784 4783 4784 5142 1011 4078 5549 2726 4094 2726 1888 2725 5150 2725 2724 1149 3550 3549 1148 1149 3550 617 2723 4117 2723 3547 4245 3546 4246 3544 3543 3544 4247 3535 3567 3565 3564 3565 3567 2736 3515 3599 3515 5173 3515 2736 1837 4370 4369 3537 4369 4370 4365 7109 4365 3514 1882 4519 1882 3514 4365 7109 4517 3533 3534 3533 5159 3530 1539 5154 3719 176 4851 2843 4649 2841 4652 4651 4650 4649 2841 2820 2841 4652 3719 176 4851 2843 2836 4345 1901 1843 2142 4628 3930 3929 2832 1856 1859 4591 4630 1321 1323 1324 1325 568 2839 1609 1870 1608 1870 1869 5359 5358 5354 5352 5659 5351 4318 1600 1416 1600 4318 1560 1612 5252 5253 1554 5254 4750 4588 5550 4592 1576 1570 4753 5596 4753 1570 1571 4675 1571 1570 1576 1573 1576 4592 5550 4084 1668 4082 615 4773 4772 4773 4081 5629 4094 2726 1888 5152 4841 2724 1150 4282 4846 4845 4844 4845 4843 4848 1754 4849 5467 1757 1756 1758 1761 1758 1756 5113 4346 4345 2836 2843 4649 2841 2820 2147 4855 4854 4852 2145 4857 2143 3013 4322 7221 5482 5483 5482 1891 5129 63 3972 4767 2981 1876 2902 5472 2847 7152 4762 4761 5474 4761 4762 2191 2886 1883 2193 1883 2897 2139 2891 2872 4573 2881 4671 3970 5144 5334 4053 4054 4138 4139 1685 102 10 1160 3368 3369 3370 4064 2799 4051 4726 3434 4066 104 103 104 4066 3434 2799 4051 4077 270 2128 2999 2998 4055 1310 4344 2996 2997 2996 3002 495 3437 1172 4473 4673 4290 4277 1168 1694 1168 4277 1171 4672 5117 4473 484 545 6983 6987 6986 2828 6981 6982 6990 6980 4674 4673 4672 5117 4473 484 545 6983 6987 6982 6990 6980 1268 5414 1231 2693 1231 5414 1268 6980 4674 4673 4672 5117 1173 495 494 496 1854 1438 1439 1857 5496 5400 14 1440 5639 1165 1435 4561 2776 2777 2778 5555
355 4448 6427 8344 5647 5651 1258 5830 4606 4892 2132 8388 8396 5451 4838 3970 3980 5474 263 3965 405 242 244 2039 3955 2326 54 2327 254 5796 5506 7527 8703 1763 313 4191 5706 1768 5799 2394 5871 5874 6200 4980 6376 528 4912 6366 2382 3639 847 504 3846 3650 8283 8011 194 198 3179 200 8230 7666 5314 1663 49 50 53 86 108 233 237 243 314 354 447 462 464 519 526 527 531 1221 2321 2642 2889 3046 3529 3583 3584 3585 3586 3956 4183 4601 4603 4604 4839 5330 5499 5500 5558 5560 5562 5614 5627 5650 5669 5671 5685 5687 5694 5704 5791 6219 6236 6237 6239 6244 6324 7552 7594 7605 7607 7622 7665 7673 7789 7974 7975 8229
695
5555 2778 2777 2776 1340 2977 5141 1436 2978 1858 313 315 313 3351 317 6928 6939 2076 2077 2079 2077 2076 2074 3349 2074 2076 6939 6928 3353 6927 6934 4560 5429 303 6937 6920 6919 407 5498 407 6919 5422 1444 357 346 350 361 412 409 411 339 379 2089 6924 6925 6924 2089 1895 6926 2092 296 306 296 2092 2091 281 7211 284 7212 305 4544 4545 4543 4310 3383 4520 2068 266 4308 4307 4276 4306 4305 234 4305 4306 4276 2067 249 248 2066 4302 1330 4309 2064 4058 233 4948 233 236 250 491 4382 4526 268 4383 267 6011 6009 6008 6010 4382 4526 2772 4526 268 4383 267 6011 6009 3310 3309 5223 1829 6186 6185 6174 5223 6171 140 3295 3347 3346 3342 3345 3344 6011 6009 6008 6010 2829 2339 3381 3430 4472 2348 2825 489 485 6985 6986 2828 1290 1225 5492 5493 5494 5493 5492 1225 2 2809 2806 2826 4492 4490 4492 2826 4478 4477 1263 1282 1292 1261 1282 1263 4478 4477 2810 1244 4484 4485 4484 4489 4483 4482 1244 2810 1242 1270 1237 1222 1230 1259 1262 3926 1243 5416 5415 1243 3926 2735 1426 1425 3304 1431 2424 1239 2424 1289 5232 4482 1244 4484 4485 4486 4483 4482 1244 2810 4477 4478 4479 2343 4479 4477 1263 1282 1261 1292 1226 1288 1226 578 577 578 1226 1292 1282 1263 4478 4477 2810 1242 1270 1237 1222 1230 1259 1262 3926 2735 1169 2347 1264 5458 2908 7249 1885 7249 2908 1275 1684 2890 2876 2835 2804 2131 4440 2722 2720 5462 2136 4053 4054 4138 2138 5147 5451 3366 1886 3969 4321 222 223 2140 3367 5147 5451 3366 1886 3969 4590 4572 7166 1699 1698 2920 1601 2904 5650 4320 1586 5038 5653 5037 1559 1561 4320 5650 2904 1601 2920 1543 1699 1845 569 1850 1849 4654 1855 541 1844 1177 1856 1859 4591 4630 1321 1323 1852 1144 4282 3550 3549 2984 3087 1146 3089 3090 5446 3090 3089 1146 1147 5619 4677 4096 4097 4910 4097 4096 984 4911 972 2906 5620 1949 5620 2906 1898 5152 4677 4096 984 4326 1152 6991 4133 4134 2894 1840 4827 3552 4829 2987 4831 4117 3549 2984 3087 6997 1155 4906 4536 4908 1153 1152 6991 1753 4136 4411 5259 5161 2859 4413 2214 2176 5699 4639 5697 4807 4323 4403 2189 2172 2171 3602 3604 2158 5669 5670 2159 2176 2155 2157 2258 2188 4825 3558 1841 3555 3554 3555 1840 4827 3552 4829 2987 4831 4117 2723 617 3550 1149 1150 4282 4846 4629 4848 1754 4347 4346 4345 2836 2843 4649 2841 2820 2149 2148 3017 5128 2146 4648 4394 5158 2274 5158 4394 1875 5133 2275 2276 2275 5135 5134 2217 2267 2217 5134 2227 5132 2252 2263 4068 4067 2917 5257 3748 7127 4258 2419 3746 3723 3726 4257 4358 3729 2243 3729 4358 3730 3732 2204 3734 2284 3734 2204 3732 3730 4358 4257 3742 3809 4359 2289 5291 5138 2226 3009 2226 5138 5291 5290 2266 2232 5014 3504 3502 3503 3502 3504 2207 2236 2299 2236 2302 2236 2207 2322 2305 3666 5288 5289 3651 3648 3642 2202 7130 7132 7133 4643 7133 7132 7130 2202 2288 3641 3074 2410 2413 2417 5503 2417 2413 2410 3074 3641 3640 3642 3648 3651 5289 2200 3662 4252 3664 2174 7156 3621 3620 5286 2184 4531 3669 3670 3669 4531 2184 5286 3620 3621 7156 2174 3664 4252 3662 2200 5289 5288 3815 4643 4642 2206 4253 3810 4254 4255 3813 5290 5291 5138 2226 3009 2237 2241 2209 2261 5011 2771 2770 4997 4996 322 3936 322 4996 4997 2770 2771 5011 2261 2209 2241 2237 3009 2226 5138 5291 2289 4359 2416 2418 3739 2415 3736 3737 4510 3744 2256 2254 2247 4393 2212 2233 2229 2215 2203 4513 2238 2249 4251 4789 2211 178 180 2148 2149 2820 2841 4649 2843 2836 4345 1901 1843 1842 3929 2832 1856 2846 3332 3484 539 1542 2818 1698 2920 2840 5242 2819 1853 1857 5496 5400 14 1440 5639 1165 1435 4561 2776 2777 2778 5555
952 2267 4941 6388 1047 6347 6348 3022 946 3019 4329 902 301 5991 5386 2994 475 3535 72 5328 5329 6387 5350 1653 1660 1665 4961 173 7554 170 1659 1909 1655 1651 8325 1608 2538 4954 3646 6103 5713 5915 2072 2392 93 690 5597 2362 3975 60 5375 2461 7861 2465 4093 6060 4161 3934 2953 3925 2475 5604 5896 4048 8169 47 56 58 59 61 64 81 83 84 115 119 158 159 175 274 300 348 390 391 425 441 442 452 476 484 485 505 533 691 692 857 859 860 861 938 1020 1024 1032 1370 1601 1604 1607 1624 1625 1627 1628 1629 1630 1631 1632 1633 1635 1675 1677 1679 1682 1685 1686 1907 1984 2136 2137 2139 2148 2260 2269 2282 2339 2340 2422 2431 2432 2476 2549 2555 2556 3012 3018 3021 3165 3312 3313 3620 3641 3642 3643 3644 3645 3935 4092 4098 4099 4166 4167 4204 4212 4213 4216 4320 4328 4454 4619 4749 4759 4854 4895 4896 4940 4949 4952 4955 4956 4985 4996 5017 5018 5308 5309 5336 5340 5342 5343 5346 5357 5383 5385 5387 5391 5419 5444 5445 5464 5484 5486 5507 5536 5590 5593 5595 5598 5599 5622 5626 5712 5755 5919 6047 6055 6065 6326 6385 6481 6783 6784 7537 7539 7556 7563 7669 7670 8223 8323 8371 8383 8389 8406 8408 8533 8589 8590 8592
349
5555 2778 2777 2776 1340 2977 5141 1618 2882 1158 1159 2975 5500 5098 352 6921 347 388 398 388 347 355 382 344 382 355 381 6922 328 410 335 326 332 326 335 325 334 337 334 325 335 410 408 328 6922 4637 1745 1034 1732 1748 123 1735 1724 2084 1724 1747 1752 1035 1728 1734 1728 1726 1750 6241 7168 7170 3105 4556 6339 6337 1163 6337 4953 5341 6338 1162 6338 5345 5894 4454 4456 597 6363 6362 2733 724 614 4679 4314 3469 606 961 889 4315 717 2434 1451 5216 1451 2434 2433 2434 1451 5216 2432 5217 624 4312 629 4950 629 4312 710 4951 4313 610 605 4470 727 6316 6315 6316 727 598 729 2431 4468 603 6328 6324 6325 6246 6321 6245 6247 2429 611 558 6224 950 3466 875 6227 6228 6227 6226 611 558 3997 1946 3312 6248 6251 6301 6302 6308 6304 1930 6304 6308 6302 6301 6251 6248 3312 1946 6252 866 6245 6247 2429 611 558 6224 950 2900 5219 6253 6299 1333 6250 3997 1946 6252 866 6245 6247 2429 611 558 6224 950 2900 881 867 6232 6231 6230 6231 6232 867 881 2900 5219 6293 6292 6289 6294 6289 6292 6253 5219 5220 930 608 899 4635 5218 6356 3091 3292 1335 6239 231 6343 604 1789 604 6343 231 6239 1334 614 4679 4314 3469 606 961 623 2435 728 712 732 719 706 719 477 5214 3475 3473 3479 3478 3480 3888 51 50 4611 465 6258 1443 3940 3943 5346 459 470 466 1863 5883 5386 549 5225 3432 3034 3035 5881 2936 165 6272 6265 6268 6270 6273 6276 6273 6270 6268 6265 6272 165 2936 3953 3955 3952 3055 3032 3033 5967 7219 2380 3037 1036 3038 6946 1867 1864 464 4291 5938 4292 4293 1710 1711 4294 2815 2992 2994 2372 1349 461 5350 5891 567 566 134 1143 135 457 6166 4471 2060 243 246 255 6005 480 2090 4545 482 481 483 1441 1440 5639 1165 1435 4561 2776 2777 2778 5555
979 987 962 5812 958 3542 1861 8030 1873 7020 8402 7051 7042 2661 5992 7004 1394 6993 4468 4469 6929 6976 8151 3908 1196 3913 5535 6967 605 612 614 620 624 625 628 960 1000 1027 1028 1130 1206 1844 1982 2129 2167 2170 3025 3030 3231 3277 3290 3326 3342 3540 3885 3886 3890 3916 3922 4319 4474 4475 4932 4967 4968 5288 5296 5305 5491 5524 5525 5526 5528 5674 5675 6227 6250 6253 6685 6928 6963 6964 6965 6987 7045 7055 7058 7582 7689 7962 8034 8150 8217 8400 8456
857
5555 2778 2777 2776 1517 1631 2807 1526 2802 1337 5606 1015 7077 7078 7077 1015 167 168 1839 1000 1014 5196 1023 5545 434 5547 5546 5548 5547 434 5545 3018 168 1839 1838 5537 5538 5603 1862 5140 4577 5201 1480 3988 2875 3979 3446 3443 3440 3443 3446 3979 2875 3826 2822 4564 4565 3340 1502 3400 3401 3403 3488 3341 4566 4567 2822 3826 2875 3988 1480 5201 4577 4576 5572 5571 5570 5563 5565 5569 5568 5584 5568 5569 5565 5563 5570 5571 5572 5536 2801 2833 5530 7142 5528 734 5529 883 5531 2811 2952 2811 5532 5533 5534 962 5535 2833 5530 7142 5528 734 818 5531 5532 5533 5534 962 5535 2833 5530 2845 7143 1544 2814 2727 5521 3294 2879 4261 4785 5520 4785 4261 4784 5142 1011 4078 4079 4262 4264 4262 4079 4772 4773 4081 5629 4094 2726 1888 2725 2724 1149 3550 3549 2984 1147 5619 2983 5619 1147 2984 3087 6997 1155 4906 4536 4908 1153 1152 6991 1753 4136 1980 1981 4340 813 4905 813 4340 4341 1062 994 1062 4341 4342 801 4343 4813 4814 4813 1058 3833 1117 1194 120 1194 1117 1984 1110 1984 1087 1984 1117 3833 1058 4813 4343 1084 1068 1134 1068 1084 4343 801 1091 4815 1982 1981 1980 4136 1753 6991 4133 4134 2894 1840 4827 3552 4829 2987 4831 4117 2723 617 3550 1149 1150 4282 4846 4629 4848 1754 4347 4346 4345 2836 2843 4649 2841 2820 2149 2148 180 178 177 178 2211 4789 4251 2249 5280 5131 4396 4516 4396 5131 2205 5130 3507 2272 2283 2272 4399 4873 4871 4872 4871 4873 4399 3506 3638 3635 3636 3635 3658 3660 3654 3655 3654 3660 3658 7155 3569 3575 5284 3617 3663 7156 3621 3620 5286 2184 5286 3625 3624 5442 73 5442 3624 3625 5286 2184 4531 3669 3670 3671 2181 2180 2160 7341 2160 3628 7156 2174 3664 4252 3662 3661 3662 2200 5289 3651 3648 3642 3640 3646 3657 3656 3657 3646 3640 3642 3648 3651 5289 5288 3666 2305 2322 2207 2236 2299 3667 5139 3667 2299 2236 2302 3493 3500 3498 3496 3498 3500 3493 2302 2236 2207 2322 2305 3666 5288 5289 2200 3662 4252 3664 2174 2334 2335 7085 7087 7089 7083 7081 7082 7081 7083 7089 7087 7085 2335 2334 2174 7156 3621 3620 5286 3625 3624 5442 4800 3629 2183 2296 2907 5040 7340 5040 5041 7342 5041 5040 2907 2296 2323 2307 2333 3219 2331 2301 5043 2295 2324 2330 2324 2295 5043 2301 4547 3679 2309 2336 3678 2319 6867 3675 2319 3678 2336 2309 2320 4404 2332 4405 2329 2325 2337 2311 2338 2317 3686 2314 4550 4549 4550 2314 3682 3685 2298 2306 2312 3687 3688 3689 91 3689 3688 3687 2312 2306 2298 3685 3682 3683 3682 3685 3686 2317 2338 2311 2337 2325 2329 4405 2332 4404 2320 2309 2336 3674 2336 3678 2319 3675 3676 3675 2319 3678 2336 2309 3679 4547 2301 5043 5044 5043 2301 2331 3219 2333 2307 2323 2296 2183 3629 4800 4799 4797 4795 4793 2880 3611 3612 3611 5277 4790 2915 4790 5277 5278 3613 2173 2166 2185 3708 3704 2169 3706 2177 3214 2177 2666 2667 2483 2665 2484 5682 2485 2486 2487 5687 5171 4575 5178 3693 3692 3693 3694 5368 5369 5368 3696 3699 3196 2489 3756 3755 4434 4436 4435 3192 2479 4437 2471 2472 2474 4438 5303 2476 2475 2476 5303 4438 3245 3766 3765 3766 4633 3768 3769 3771 3774 3775 452 4439 6855 2538 5275 4614 4613 447 4613 4614 5275 3791 3782 3783 3781 3186 3185 3786 3184 3191 3184 3187 3183 4623 4433 6830 6826 6827 6826 6830 6828 6822 3181 4085 530 535 536 535 5299 2558 1468 2543 5045 2543 78 4660 2542 2563 2546 2545 2544 2548 4662 2548 2544 2545 2546 2563 2542 2541 2566 2541 2542 4660 78 2543 5045 2877 3799 5047 7259 3797 2568 6833 2568 6849 6832 6847 6842 7399 6841 6846 6845 6843 6844 6843 6845 6846 6841 7399 6842 6847 6832 3069 2909 1470 7311 1470 2909 3069 6832 6849 7257 7256 7255 7256 7257 6849 2568 3797 7259 5047 3799 2877 5045 2543 1468 2558 5299 5300 6897 6895 7036 6894 2551 2555 6862 6887 4338 6893 6892 5071 6892 6893 4338 2555 2551 6894 7036 6895 6897 5300 5299 535 530 4085 2536 3789 74 5061 5057 5059 5055 5053 5055 5059 5057 5061 74 3789 2536 4085 530 535 5299 5300 6898 2535 7041 7040 3829 2532 2534 2533 432 4339 6907 5090 4335 3067 5092 2865 5092 3068 3067 4335 7293 4335 5090 6907 4339 432 2533 4337 1200 1183 1210 2517 1191 5084 2523 2501 2502 3239 2506 3238 5118 4539 3230 5439 1697 4384 4534 1130 1040 4532 1041 1087 1984 1117 3833 1058 4813 4343 801 1091 4815 1982 1981 1980 5713 2898 798 2884 818 734 5529 883 5533 5534 962 5535 2801 5536 5572 4576 4577 5140 1622 5611 1533 5556 1337 1339 1338 1329 1328 1341 1340 2776 2777 2778 5555
7751 6412 6413 1770 52 3770 6432 6442 5648 5634 5585 5831 451 4890 3164 5912 698 5854 1584 1585 2147 4075 1496 95 2430 8096 5004 2468 2438 5026 5889 489 4040 762 2371 2374 4044 2474 4030 5024 2954 2955 3930 7753 6106 6107 2505 8170 5070 5470 7999 2486 2500 4056 5457 5462 2502 4051 5072 6110 5039 4872 4010 4865 753 3071 5077 541 4058 855 5103 5108 2726 4114 8197 3421 4805 4128 7466 8216 6158 5401 2790 5673 2806 7901 7482 7475 7480 3271 7898 8579 787 5132 2573 2572 1691 28 51 55 73 75 91 92 94 228 229 285 286 287 393 672 751 777 778 779 780 781 782 783 785 786 788 793 1222 1223 1336 1562 1563 1564 1688 1689 1690 1732 1734 1736 1747 1749 1771 1772 1773 2161 2334 2335 2338 2368 2477 2485 2491 2501 2507 2508 2509 2510 2523 2744 2774 2775 2776 2782 2787 2788 2789 2796 3166 3219 3220 3269 3270 3769 3929 4016 4029 4031 4042 4076 4080 4125 4126 4127 4129 4130 4132 4184 4783 4784 4785 4786 4787 4850 4856 4858 4859 4868 4869 4874 4883 4884 4885 5011 5025 5027 5038 5040 5041 5043 5044 5049 5053 5062 5064 5065 5066 5067 5071 5078 5079 5096 5114 5116 5117 5120 5121 5122 5127 5136 5137 5154 5156 5157 5158 5159 5164 5191 5192 5402 5404 5407 5408 5411 5414 5420 5449 5467 5488 5489 5490 5498 5542 5551 5552 5556 5557 5561 5564 5652 5842 5921 6140 6154 6155 6157 6160 6161 6414 6415 6429 6431 7469 7474 7476 7477 7478 7479 7500 7617 7727 7750 7899 8086 8392 8428 8429 8608 8664
651
5555 2778 2777 2776 1340 2977 5141 1618 2882 1442 1178 1629 1615 1629 1649 570 1633 1640 1644 1640 2918 5613 3018 6028 5539 1000 1014 5196 1023 2862 6028 5539 5195 169 1839 1000 1014 5196 1023 5545 3018 5613 2918 1640 1633 570 1649 1629 1178 1442 1646 1635 3376 1652 1641 5403 1637 5403 1641 1652 3376 1635 1648 2080 5404 1216 1217 5405 1213 1478 1214 1218 1215 110 1731 1219 1736 1719 1744 7169 1030 83 1742 1725 1748 123 1735 1724 1747 1752 1035 1725 1033 1031 1745 4637 6922 2070 2069 329 337 331 337 333 338 336 373 399 362 351 392 396 344 382 371 382 355 375 359 364 374 5427 5428 342 380 375 355 381 6922 2070 2069 329 387 6923 1895 6926 2092 2091 285 290 280 5886 5888 7175 2858 7172 7171 3008 477 3474 3472 6371 3080 6374 3482 3944 1294 707 2436 600 6386 3914 3913 3912 3911 4606 109 112 639 6380 639 112 6382 3464 3908 6384 3908 3464 6382 112 109 4606 3911 3912 3913 3914 6386 642 2438 4466 4464 4313 610 605 633 605 4470 727 598 729 2431 4468 603 6328 6324 6325 6246 6321 6245 6247 2429 611 558 6224 950 3466 875 3466 950 2900 881 867 6232 867 881 2900 5219 6253 6299 1333 6250 3997 1946 3312 6248 6251 6301 6302 6308 6304 1930 6307 620 6306 6308 6302 6301 6251 6248 3312 1946 6252 866 6245 6247 2429 6322 863 3313 6357 6244 4452 3468 716 1947 4956 5218 6356 3091 3292 3291 6354 6351 599 4314 3469 606 961 889 4315 889 961 623 2435 728 712 726 712 728 3004 2733 6362 6363 597 4456 4454 1720 2858 7172 7173 7174 3 5887 2061 4664 2060 243 2976 6015 476 6015 6016 6015 2976 1836 2797 3344 6011 6009 3310 3309 5223 1829 6186 6187 1817 6184 1814 1815 3920 1027 1827 6156 6155 1826 6156 1827 1762 6185 6174 2352 935 1772 2350 2352 935 1772 6008 6010 4382 4526 2772 5127 235 7002 2774 7002 235 3385 244 4287 3384 4300 4954 4300 3384 2782 3384 4300 4310 4543 482 2911 4544 4545 482 481 310 6931 6932 297 4781 4780 4781 6933 7213 5433 7213 6933 3353 6928 317 3351 3352 3351 317 6928 6939 2076 2074 2073 2074 2076 6939 6928 3353 6927 6934 4560 5429 303 6937 6920 6919 1446 346 350 361 354 361 412 409 411 339 379 2089 1895 6926 2092 296 295 7378 302 290 285 281 7211 284 279 2088 7210 286 7210 291 7212 305 4544 4663 257 2061 4664 4471 6166 457 3885 3886 3883 3 5887 5888 7175 2858 7172 7171 3008 477 5214 3475 3473 3479 6370 6374 3482 3944 1294 707 1294 3944 3945 6369 3945 3944 1294 707 2436 600 6379 6378 919 885 3916 3914 3913 3912 3911 4606 639 112 6382 3464 3908 3464 645 1419 3465 621 6255 1362 1443 3940 3943 5346 459 460 1713 1712 462 471 3036 1867 1864 464 4291 1394 1393 5933 5934 967 5936 5937 5933 1393 1394 4291 5938 4291 464 6945 5935 6944 4610 61 59 60 61 4610 58 2643 54 5943 5941 5940 5939 5940 5941 4609 5958 5317 4211 4271 4274 4273 4212 4273 5945 5946 5944 5947 5946 5945 4272 2622 2621 2943 2942 2617 2620 2619 2624 2701 2624 2619 2625 2616 5191 2616 2941 4981 2941 2616 2625 2619 2624 2701 7306 2701 2624 2619 2620 2943 2621 2622 4272 5945 4273 4274 4271 4211 5317 1432 6083 6082 4219 2364 4974 4972 2368 2637 2635 2646 4969 2641 260 259 261 2469 2369 2372 1349 461 3882 3881 2863 2864 3879 3880 5344 5343 389 915 2824 5342 1721 1158 1436 2978 1435 4561 2776 2777 2778 5555
1822 1825 332 4561 6408 8419 8262 1856 8273 8210 3544 3027 968 965 5811 1002 6338 997 864 3188 3875 7063 6221 1205 4346 7683 7685 6014 4394 4975 1116 1385 6003 4470 3882 5292 5295 7032 7048 7046 1202 6690 1045 1044 6782 1948 6886 3557 472 2993 5237 5998 3000 1054 5440 4751 5827 3034 1684 3625 2262 1678 993 941 928 8313 8255 8455 8689 613 616 8421 4398 4347 6015 7687 4342 6947 6252 8728 3228 6728 6725 1041 7969 6732 4678 6736 3127 3126 2853 6203 6035 6202 6226 23 135 136 137 138 140 307 309 328 329 330 331 333 478 482 483 609 610 615 618 810 862 863 865 866 923 925 927 944 972 973 986 989 990 991 1201 1369 1371 1372 1384 1849 1879 1881 1883 1899 1934 1935 1946 1947 2010 2011 2121 2122 2123 2124 2333 2609 2847 2849 2854 2857 2859 2882 3026 3028 3033 3123 3186 3274 3519 3520 3546 3558 3596 3613 3746 3872 3873 3874 3887 3892 3894 4299 4326 4354 4356 4393 4395 4419 4420 4421 4424 4425 4427 4473 4972 4973 4974 4976 4977 5231 5233 5235 5236 5303 5304 5465 5485 5826 6222 6225 6251 6318 6339 6723 6726 6727 6887 6989 6990 6991 6992 6995 6996 7518 7525 7583 7679 7686 7688 7690 7912 7968 7994 8017 8022 8209 8254 8264 8272 8285 8422 8499 8535 8690 8692 8693 8694
48
5555 2778 2777 2776 1517 1631 2807 1526 2802 1337 5606 1015 167 168 169 1839 1838 5537 5538 5537 1838 1839 1000 1014 5196 1023 5545 434 5547 434 5545 3018 5613 2918 1640 1633 570 142 143 1628 7146 1329 1328 1341 1340 2776 2777 2778 5555
6213 1731 6411 1730 2005 7520 7521 7522 7758 8004 8059 8609
328
5555 2778 2777 2776 1340 2977 5141 1618 2882 1158 1159 2975 5500 5098 352 6921 347 355 381 356 351 356 381 6922 328 410 335 325 334 337 333 338 330 332 326 335 410 408 328 6922 4637 1745 1034 1732 1748 123 1735 1724 1747 1752 1035 1728 1726 1751 3449 3450 3451 3452 3453 1730 1723 1743 1737 1727 1733 1724 1747 1752 1035 1728 1726 1750 6241 7168 7170 3105 4556 6339 6342 618 1789 604 6343 231 6239 1334 1335 3292 3091 1140 1141 4635 5218 6356 3091 1140 1141 4635 4451 6243 892 6243 6226 611 558 3997 1946 6252 866 6246 6321 6245 6247 2429 6322 863 710 4312 624 5217 624 4312 710 4951 4313 4464 4463 4464 4313 610 605 4470 727 4470 4469 4470 727 598 4668 6320 4668 598 729 722 729 2431 4468 603 6328 6324 6326 6327 6326 6325 6246 6321 6245 6247 2429 6322 6323 6322 863 710 4951 4313 610 605 633 602 951 960 894 635 601 595 637 3471 637 711 713 725 1916 5339 1917 3166 6334 6335 6334 4965 4967 4968 4967 4965 6334 3166 1917 3895 1915 7050 2574 2572 4023 5304 4022 4021 2582 4020 4019 2580 2576 4018 2584 6724 2584 4018 2576 2580 4019 4020 2582 2581 2938 6807 2869 3065 3066 3065 2868 2937 913 3165 3162 3165 913 4023 2572 2574 7050 2574 2572 4023 5304 5224 5304 4023 2572 2571 6336 2571 2572 2574 7050 1915 3895 1917 3166 6334 3166 1918 1916 725 713 711 6331 711 637 595 601 635 894 603 6328 6324 6325 6246 6325 6326 6325 6246 6321 6245 6247 2429 6322 863 3313 6357 6358 6357 6244 4452 3468 716 1947 4956 5218 6356 3091 1140 1141 4635 899 878 608 930 5220 5219 6293 6292 6293 6220 6221 6220 3919 3994 1861 2827 5406 1721 1158 1436 2978 1435 4561 2776 2777 2778 5555
3024 1003 959 963 8032 7603 7602 7600 3327 1109 3340 5297 1404 6942 5301 2172 5322 3889 5325 7008 1198 2128 7013 7010 1115 3895 4307 7017 6020 4532 7362 4523 4528 4536 4519 4521 1416 634 7018 1412 3405 1099 1101 1194 2127 2126 7011 7037 4459 1430 8218 4478 6924 324 623 626 955 961 964 969 1004 1025 1026 1098 1100 1102 1103 1104 1105 1106 1107 1405 1406 1411 1413 1414 1415 1417 1418 1419 1420 1866 2079 2168 2169 2171 2809 2815 2816 3023 3120 3121 3324 3325 3406 3407 3884 3888 3891 3910 4303 4460 4461 4477 4522 4524 4525 4526 4527 4529 4530 4531 4537 5293 5294 5300 5302 5681 6017 6940 6941 7012 7589 7691 7993 8031 8225 8295 8296 8401 8437
842
5555 2778 2777 2776 1340 2977 5141 1436 2978 1858 5431 551 310 6931 6933 7213 314 309 314 7213 5433 308 294 308 5433 6931 6932 301 6932 297 4781 6933 6931 310 481 483 1441 4667 2963 2961 2850 1437 3928 273 5408 3436 274 3437 495 3437 1172 4473 4673 4672 5117 1173 495 494 496 1854 1438 1439 1437 3928 273 5408 3436 274 271 272 4540 4541 591 590 4542 2057 249 248 2066 3818 2066 4302 1330 4309 2064 4058 252 242 263 5127 235 3385 244 4287 4301 4287 3384 2782 2781 4299 2785 2784 492 246 255 6005 6006 480 2090 4545 482 2911 4544 4663 257 2061 4664 4471 6166 457 3885 7164 7165 3884 3397 5893 5890 567 566 134 6152 4959 6163 6165 1813 5211 1813 6165 6163 4959 660 5124 6151 6189 6134 6175 5210 3948 3951 5212 6182 5212 4942 5213 6117 6122 3358 939 3359 3360 6211 3361 959 897 3362 3359 939 3358 6122 6117 5213 6124 1026 1027 1827 1764 6161 6162 6161 1764 1827 6156 1826 6155 6154 6155 1826 6156 1827 1027 3920 1815 1820 1822 6187 1817 4090 1823 5125 1824 659 6170 659 1824 5125 6178 1806 5124 2792 2790 3338 3339 2789 649 7393 898 1798 4678 6106 6140 6138 6140 6106 6188 1795 1790 1795 5210 3948 3951 5212 4942 5213 6117 6122 3358 939 6086 6085 7320 6085 6086 938 873 652 650 3003 650 652 1709 1674 7150 1598 1599 1597 1681 5328 5329 5330 6199 955 6199 5330 5329 5328 1681 1887 6087 1674 7150 1598 1680 958 4947 5318 6095 6096 7123 4151 4150 4151 7123 6096 6095 5318 4947 958 948 916 4939 916 924 910 4328 5309 2652 6100 4960 5310 932 5310 5362 5340 7059 7056 7059 5340 5362 5310 4960 6100 2652 5309 4328 1693 2367 6107 4143 6112 2703 2702 2703 6112 4144 2639 2364 4974 4972 2368 2637 2635 2646 4969 2641 260 1378 1377 1376 1365 1364 1371 1372 1363 1374 1375 1376 1377 1378 260 6031 6033 6036 6035 6034 6038 6040 1670 4295 474 1865 5386 549 5225 3432 3034 3035 5881 2936 165 6272 3935 6272 6265 6266 6267 6266 6265 6272 165 2936 3953 3955 3952 3055 3032 3033 5967 2393 3039 3999 2404 2397 7236 2397 2404 2388 3043 2391 2400 2466 2386 2383 5982 2403 2394 2402 2447 5972 2449 2450 2452 3863 3864 3865 3866 3867 3868 3869 7045 5995 3870 4012 3871 4088 3933 4010 468 473 4269 4268 4270 475 4087 3431 3860 5922 5916 5885 5920 3861 2441 5928 5930 5927 5925 1669 7178 1669 5306 4293 1710 1711 4294 469 2470 6053 472 474 1865 1863 466 6259 3942 3943 5346 459 460 1713 1712 462 7234 463 2467 555 3862 5971 5969 3863 3864 3865 3866 3867 3868 2454 5994 2453 5994 2454 3868 3869 7045 5995 3870 4012 3871 4088 3933 4010 4009 215 7000 3934 6002 6918 6917 4008 3062 4008 4009 4010 468 473 4269 4268 4270 3404 2440 7294 2440 2695 4988 5924 5923 3405 7060 3860 5922 5916 5885 5920 5921 5920 3861 2441 5928 5930 5927 5925 1669 5306 467 4292 4293 1710 1711 4294 2815 2992 2993 6052 2993 5395 5393 5391 5397 5399 2470 6053 472 474 1865 5386 549 5884 549 5225 5226 6260 5226 5225 3432 3034 3035 5881 2936 165 166 165 2936 3953 3955 3952 3055 3032 3033 5967 7219 7220 1381 1379 1385 1388 2380 3037 1389 3999 5308 970 5965 5963 5307 5963 5964 5963 5307 5962 5961 5960 5959 7391 5960 5961 5962 5307 5963 5965 970 5308 3999 3039 2393 5967 7219 7220 1390 1387 1389 3999 2404 2388 4001 2385 7235 2385 2389 2396 4000 5968 2056 2055 2054 2053 2052 2051 2050 2406 2407 2465 2029 2017 2012 2010 1997 1998 1999 2000 2001 2002 2003 2004 2015 2016 2019 2021 2019 2016 2015 2004 2003 2002 2011 2013 2012 2010 1997 1995 1996 2444 3053 2444 2445 2450 2449 5972 2447 2402 2447 5972 2449 2450 2452 2451 5989 5985 5992 3406 5993 3406 5992 5985 5989 2451 2452 2450 2449 5972 2447 2402 2394 2392 5975 5977 5976 5978 5979 5980 2468 5980 5979 5978 5976 5977 5975 2392 2394 2403 5982 2383 2386 2466 2400 2391 3043 2388 4001 2396 4000 1409 7236 1403 1402 1401 1402 1403 7236 1409 4000 5968 2056 2055 2054 2053 2032 2031 2030 2029 2017 2012 2010 1997 1998 1985 3049 3050 85 3050 3049 1985 1986 5983 2455 2456 3052 2456 2455 5983 1986 1995 1997 2010 4007 4006 4005 2399 4004 2402 2394 2392 5975 2381 3041 5307 5962 1036 3038 6946 1867 1864 464 4291 5938 4292 4293 1710 1711 4294 2815 2992 2994 2372 1349 461 5350 5891 567 566 134 1143 135 457 6166 4471 2060 243 246 255 6005 480 2090 4545 482 481 483 1441 1440 5639 1165 1435 4561 2776 2777 2778 5555
3031 954 5822 943 937 1057 1063 3854 1080 2890 897 911 914 2999 6780 1053 3190 471 152 8573 8572 8575 598 6921 1424 1145 5963 6890 6885 6898 4403 8570 4400 6837 3184 7889 2582 796 4633 5961 3052 849 6040 8154 8469 8467 8159 8465 6800 6797 3227 6960 7872 4256 4590 7815 3920 2699 4258 4588 7697 7517 3265 2667 3779 6714 808 6303 6680 8244 6953 8081 7632 8481 3232 3235 6746 6740 8503 7871 2632 6752 4776 2174 2176 4511 2184 2192 2239 6044 2688 2686 6775 2713 4486 8507 2194 7930 3256 20 133 149 150 151 154 424 468 470 567 595 597 797 798 809 919 1033 1036 1037 1038 1039 1040 1052 1060 1069 1071 1079 1081 1133 1134 1135 1930 1931 1945 1969 1970 1998 2178 2179 2180 2182 2238 2250 2251 2252 2258 2391 2588 2590 2620 2621 2622 2623 2625 2626 2627 2630 2685 2691 2693 2695 2696 2697 2700 2715 3001 3002 3015 3016 3061 3064 3135 3136 3172 3225 3230 3236 3237 3240 3250 3251 3254 3257 3263 3273 3275 3278 3559 3628 3752 3753 3754 3773 3774 3775 3778 4248 4249 4251 4252 4253 4254 4257 4260 4261 4262 4264 4265 4268 4269 4270 4272 4273 4375 4378 4484 4487 4488 4489 4491 4493 4494 4495 4496 4506 4507 4509 4512 4514 4587 4764 4765 4775 4778 4780 5519 5676 5709 5962 5989 5990 6009 6010 6011 6228 6229 6235 6299 6302 6686 6741 6744 6748 6761 6762 6763 6764 6781 6803 6836 6873 6876 6906 6920 7558 7581 7633 7634 7733 7783 7804 7805 7875 8152 8155 8156 8214 8245 8246 8247 8250 8259 8346 8356 8361 8362 8405 8480 8508 8509 8511 8583 8710 8711 8716 8719 8721
248
5555 2778 2777 2776 1340 2977 5141 1436 2978 1858 313 3351 317 6928 3353 6927 6934 4560 5429 303 6937 6920 6919 5422 507 5097 4557 1159 1158 2882 1442 1646 1635 1648 2080 5544 1295 2081 1645 4060 5196 1023 2862 6028 5539 5195 169 1839 1838 5537 5538 5603 1862 5140 4577 4576 5572 5536 2801 2833 5530 7142 5528 5529 883 5531 2811 2952 2885 4319 771 828 837 1890 4319 2885 758 803 4684 2889 4362 5727 5716 825 753 5722 5721 5719 5720 5721 5722 4417 4688 4687 4688 4417 5722 753 825 5716 5727 766 4723 5799 5800 5799 5264 4360 1889 764 5801 764 1889 803 4684 2889 4362 5727 766 843 5715 5785 914 5774 1960 820 814 783 814 820 1960 737 752 5770 3805 3804 5265 879 5265 3804 757 4071 5787 842 4721 796 739 811 799 733 799 742 756 738 756 742 5791 4070 5791 742 799 811 739 796 4721 842 5787 147 162 159 156 155 156 148 154 148 156 159 162 147 5787 4071 757 3804 3805 124 870 3476 4332 843 766 5727 5716 825 753 845 784 792 802 5724 5723 5724 802 792 784 845 753 825 5716 5727 4362 2889 5262 1968 2949 2871 4043 2898 798 2884 818 734 5529 883 5533 5534 962 5535 2801 5536 5572 4576 4577 5140 1622 5611 1533 5556 1337 1339 1338 1329 1328 1341 1340 2776 2777 2778 5555
5478 5479 1821 5200 6547 6546 6548 6628 1212 1270 5747 1250 1301 1323 1310 8072 8071 6549 29 30 32 347 356 373 491 494 495 496 498 708 1046 1216 1246 1248 1337 1680 1687 1733 1748 1820 4579 4580 5186 5199 5205 5207 5212 5475 5555 5632 6212 8035 8036 8037 8065 8224 8426 8607
332
5555 2778 2777 2776 1340 2977 5141 1618 2882 1442 1646 1635 1648 2080 5544 1479 5544 1295 7167 127 540 126 125 1866 1336 2071 478 3393 3389 7209 7208 7203 7207 7206 917 4127 672 676 696 7380 5251 786 699 697 956 694 2719 664 82 693 1714 3311 4122 6973 6974 7011 6977 6978 4123 847 821 755 821 5807 821 5873 7015 7016 7013 7016 7015 5873 2842 3903 3904 3907 3906 3905 2860 3903 3904 2856 173 4119 4118 5859 4118 4119 4120 173 2856 3907 3906 2861 2973 2972 2717 2972 2971 2972 2717 5858 7145 170 172 171 172 170 7145 5858 1678 851 5805 1677 5804 1677 5805 851 1678 5848 3290 5838 5839 5838 5840 4062 5842 4062 852 5845 228 5845 852 5828 5829 5828 4076 2713 5831 2714 24 5825 5821 5822 5821 5825 24 7224 5823 2715 4619 5857 4422 974 1213 1478 1214 1218 1215 110 1731 1219 1736 1719 1744 3105 4556 6339 6342 6341 6342 618 1789 604 6343 231 6239 1335 3292 3091 1140 4450 7168 7170 550 7169 1030 83 1742 1728 1726 1750 6241 0 6240 6237 1141 1140 4450 7168 7170 550 7169 1030 83 1742 1728 1726 1751 3449 3450 3451 3452 3453 1730 1746 1740 6233 1740 1751 3449 3450 3451 3452 3453 1730 1723 1743 1737 1727 1733 1724 1747 1752 1035 1728 1726 1750 6241 0 6240 6237 1141 4635 899 608 930 5220 5219 6293 6220 3919 3994 1861 2827 221 1473 221 1219 1736 1719 1744 7169 1030 83 1750 6241 0 6240 6237 1141 4635 4451 6243 6226 611 558 3997 1946 6252 866 6245 6247 2429 6322 863 3313 6357 6244 6359 6360 6359 4452 3468 716 1947 4956 5218 4635 899 608 930 5220 5219 6293 6220 3919 907 6218 922 6219 922 6214 6213 6214 922 6218 907 3919 3994 1861 2827 5406 1721 1158 1436 2978 1435 4561 2776 2777 2778 5555
8580 8038 6320 4703 1177 7795 7703 5278 6634 7712 4337 7620 8091 6660 3080 3155 8089 6632 6650 6649 8148 6644 3206 6642 8582 6658 7021 1871 4456 7587 6932 3543 4480 4472 8611 5299 4362 4358 1435 99 327 621 1159 1173 1175 1176 1365 1839 1868 1869 3066 3067 3068 3078 3081 3082 3083 3085 3199 3200 3201 3202 3203 3205 3208 3341 3721 3768 3909 3911 4335 4339 4341 4410 4455 4462 4463 4479 4625 4702 4704 5298 6214 6641 6676 7585 7586 7588 7596 7597 7598 7599 7601 7619 7675 7704 7808 7836 7929 7992 8033 8090 8274 8277 8278 8372 8439 8581
1338
5555 2778 2777 2776 1340 2977 5141 1436 2978 1858 5431 551 310 6931 6932 297 4781 6933 6931 310 481 3007 4289 4426 3921 4429 245 4429 3921 4378 2068 4520 3383 4288 242 252 242 263 5127 2772 4526 268 4383 267 6011 6009 3310 3309 5223 1829 6186 6187 1817 6184 1814 1815 1820 1822 6187 1817 6184 6183 1808 6180 5209 5126 6182 5212 4942 5213 6116 6119 6120 6118 6117 6122 3358 3357 3358 939 3359 6211 3361 3362 897 1807 954 1825 2357 2732 3873 6020 1266 1765 1766 1285 1767 1769 1241 1769 1767 1285 1766 1765 3923 935 1772 2350 2352 4502 4503 2357 1825 6124 1026 1027 1827 1764 6161 6159 6157 1763 6157 6159 6161 1764 1827 1762 6185 6174 5223 6171 140 3295 3347 3346 3342 3345 3344 6011 6009 6008 6010 4382 268 4383 267 492 2784 2785 2784 492 246 255 4663 257 2061 4664 4471 2060 243 246 255 4663 257 2061 4664 4471 6166 457 3885 3886 7163 7162 3884 7165 3884 3397 5893 5890 5349 5348 5347 1833 5889 1832 1831 1832 5889 1833 3946 6144 6143 1801 1798 898 7393 649 2789 2791 2792 5124 6151 6189 6149 6188 6106 6140 6138 6136 6138 6140 6106 6188 1795 5210 3948 3951 5212 4942 5213 6117 6122 3358 939 6086 938 873 652 1709 1674 7150 1598 1599 1597 1681 5328 5329 5330 653 5331 955 5331 654 6194 946 7247 946 6194 654 5331 653 5330 5329 5328 1681 1887 6087 1674 7150 1598 1680 958 948 916 4939 4938 4939 909 947 909 4939 916 924 910 4328 5309 2652 7055 2652 6100 4960 5310 5362 5340 7059 7056 7057 7056 7059 5340 5362 5310 4960 6100 2652 5309 4328 1693 2367 2373 6098 6097 6098 2710 2362 2706 2361 2704 4945 2704 3288 4934 2705 4934 3288 2704 2361 2706 2362 4936 2362 2710 6098 2373 6099 6096 7123 7124 7123 4151 4152 4153 4152 4151 7123 6096 6099 2373 6098 2710 2362 2706 2361 2703 6112 4144 2639 2364 4974 4972 2368 2637 2635 2646 2645 2646 4969 4970 6081 4970 4969 2641 260 1378 1367 1366 1365 1364 1365 1366 1367 1368 261 2469 6048 5398 5396 5394 5392 5390 5397 5399 2470 6053 2470 469 5365 2815 2992 2994 2372 1349 6993 6111 1703 932 5310 4960 6100 2652 5309 4328 1693 2367 6107 4143 6112 4144 2639 2364 4219 6082 2651 6082 6083 1432 5317 4211 4271 4274 4273 5945 4272 1413 1412 1411 1412 4218 2442 4980 2944 2942 2617 2620 2619 2625 2616 2941 2940 2941 2616 2625 2617 2942 2944 2443 4218 2442 5952 2613 2614 2615 2614 2613 5955 2460 4217 4214 218 216 3861 2441 5928 5930 5927 5926 5925 1669 5306 4293 1710 1711 4294 469 2470 6053 472 474 1865 1863 466 470 460 1713 1712 462 7234 463 2467 5980 2467 5973 554 3407 3862 5971 5969 3863 2452 2451 5987 5988 5991 5987 2451 2452 2450 2449 5972 2447 2402 4004 2402 2394 2403 5982 2383 2386 3048 2386 2466 2465 2029 2030 2031 2052 2053 2054 2055 2044 2043 2015 2016 2006 3084 2007 2008 3056 3057 3056 2008 2009 2014 2020 6800 2027 2028 2027 6800 6799 6800 2027 2028 2122 2121 2120 2119 2117 2115 2113 2111 3022 2109 2107 3021 2107 2108 3060 3059 6802 2112 2111 2113 2115 2117 2119 2120 2121 2122 2028 2027 6800 2020 2014 2009 2008 3056 3057 1471 86 94 84 88 85 3050 3049 1985 1986 1985 3049 3050 85 88 87 88 85 3050 3049 1985 1998 1985 3049 3050 3062 4008 6917 4008 4009 4010 468 473 4269 4268 3859 3858 4086 5193 5192 3938 5192 4086 3858 3859 4268 4270 3404 2440 2695 4988 5924 5923 3405 7299 3405 7060 7043 7060 3860 5922 5916 5885 5920 3861 216 218 4214 4217 2460 2459 2460 5955 2613 5952 2442 4218 2443 2944 2942 2617 2625 2617 2942 2944 2443 7242 5951 1413 4272 2622 4272 5945 5946 5944 5947 5946 5944 5943 5941 4609 5958 5317 1432 6083 2922 5957 5315 4419 4418 4419 1661 1658 1660 1659 2611 1662 1664 1157 1663 1157 1664 5957 5315 4419 1661 2923 6413 6415 6417 6419 6420 6419 2609 4926 6421 2610 3128 3126 3128 2610 2604 2605 3142 2606 3142 2605 2604 2610 3128 3126 3125 3124 6407 4163 4162 4913 6410 4913 4162 3083 5121 5122 5200 6027 4161 6093 949 6026 4941 4940 4941 6389 6387 2948 4377 6023 4377 5314 6200 5314 3307 3845 3854 3852 3850 3849 3847 3848 3847 3838 3839 3840 3841 3840 3839 3838 3847 3849 3855 3307 5314 6200 2365 1296 2366 6202 6206 6207 7343 6207 6206 6202 2366 1296 2365 6200 5314 3307 3845 4227 4226 3151 4232 4234 2371 3119 5107 4375 6394 5108 3154 5109 4190 5106 4919 4199 7329 4199 5110 4949 6439 6437 4202 2945 6433 6435 2598 4921 4920 4921 4184 4173 2597 4175 2597 4173 4184 4921 2598 6435 6433 2945 4202 6437 6439 4949 2599 2926 3109 3276 3274 3273 5902 5903 5906 5908 2925 6426 2925 5908 2654 4205 6428 3148 6430 3147 3149 3150 3149 3147 6430 6431 6430 3148 6428 4205 2654 5908 2925 5326 5905 5907 5899 4015 5900 4237 4238 4237 4204 5911 5325 4420 2603 5320 2924 3137 3135 4602 3135 2607 6422 3131 7238 7237 7238 7240 7239 7240 7238 3131 6422 2607 3135 3137 2924 5320 5321 2601 5322 2700 5322 2601 5321 5320 2603 4420 5915 5103 3106 2932 3272 2932 3106 3107 3108 3107 3106 5103 5915 4203 5910 4204 5911 5325 4420 2603 5320 2924 3137 3135 2607 6422 3131 552 3132 2609 6419 6417 6415 6413 6414 6412 6411 4930 4929 4931 4929 4930 1161 1659 2611 1662 2922 6083 1432 5317 4211 4210 4211 5317 1432 6083 2922 6083 1432 5317 5958 2632 6070 6065 6068 6063 6059 6062 7019 6057 6054 4295 1670 6040 6034 6035 6030 6033 6031 6029 6031 260 1378 1377 1376 1375 1364 1365 1366 1367 1368 261 259 6047 6045 6043 7392 6043 6045 6047 259 260 2641 4969 2641 6080 6077 6078 6079 6077 6080 2641 4969 2646 2635 2636 2635 2637 2638 2637 2368 4972 4974 2364 2639 4144 6112 4143 6112 2703 2361 2706 2707 2706 2361 2704 3288 3289 2631 6092 6091 6092 5120 6411 6412 6411 5120 2630 4221 4167 4169 4165 4164 4163 6407 6409 6408 6409 6407 4163 4164 4165 3083 5121 5122 2585 5401 2586 6444 6441 2587 2588 2590 2588 2591 2592 2589 6444 2586 2594 5402 5200 6027 6026 949 5102 949 6026 3123 4176 4177 4176 4175 2596 4175 4176 3123 4180 3122 6393 3121 3152 3120 3152 3153 3154 5109 4190 5106 4190 5109 3154 5108 7093 7097 4193 4195 1327 7091 7092 7091 1327 4195 4193 7097 7093 5108 3154 5109 4190 5106 4919 4199 5110 4949 2599 2926 3109 3276 3109 3148 6428 4205 2654 5908 5906 5904 5906 5903 5902 3273 3274 3275 3274 3276 3109 3148 6430 3147 3149 3147 6430 3148 3109 3276 3112 4916 3113 5896 5897 5895 5896 3113 3117 3114 3115 3114 4914 3114 3117 3113 4916 3112 3276 3109 3148 6428 4205 2654 5908 2925 5326 5327 4922 4924 4923 4924 4922 5327 3145 2606 3142 2605 2604 2610 6421 4926 4925 4926 2609 3132 552 3131 6422 2607 3135 3136 3135 3137 2924 5320 2603 4420 5325 5913 5914 5912 5913 5325 4420 2603 5320 2924 3137 3135 2607 6422 3131 552 3132 2609 6419 6417 6415 6413 2923 1658 1660 1659 2611 1662 2922 6083 6082 4219 2364 4974 4972 2368 2637 2635 2646 4969 2641 260 259 261 2469 2369 2372 1349 461 5350 5891 567 566 134 1143 135 457 6166 4471 2060 243 246 255 6005 480 2090 4545 482 481 483 1441 1440 5639 1165 1435 4561 2776 2777 2778 5555
4325 434 131 904 7535 7538 474 477 1949 1950 480 8574 6853 6854 3627 6922 3629 161 166 3556 8235 5966 3533 3536 3619 3532 1078 3006 5326 7803 3189 1974 1976 6872 153 6908 8569 8598 1358 7890 5959 1382 8687 7736 6198 2575 5983 2941 2944 7782 4634 5220 5221 2883 6025 6833 8473 8475 1997 1043 5527 2610 2886 8523 3129 2855 3125 2846 6718 2714 3780 4250 6772 2201 3249 2217 2209 2211 4502 3262 2225 7452 2293 8304 8303 7449 7931 3252 7995 2214 4379 7584 4383 6206 4381 3124 111 4766 2848 2682 4767 6737 5533 5217 8623 7090 3364 5255 5257 3369 3309 4640 5976 4826 2592 4234 3549 4239 4228 4230 3548 5975 818 5935 4556 4819 5938 4808 3505 835 7096 7095 4694 8639 8300 7881 7882 2934 5243 3503 3345 4672 5947 4677 8329 8331 3280 6795 2589 6793 8153 8468 6806 5225 6829 6832 6831 2871 2872 3065 3062 2942 6838 2868 7086 7085 3682 2820 2821 2823 2835 635 5937 4807 3357 2608 7759 5523 8654 6700 6697 3506 3392 3351 6694 3348 5933 5940 5941 3376 6707 109 112 311 433 479 596 599 601 799 823 824 825 828 829 830 834 836 838 840 1051 1055 1143 1144 1146 1349 1375 1422 1938 1939 1944 1951 1975 1996 2203 2215 2226 2228 2229 2230 2283 2284 2285 2286 2287 2288 2289 2290 2291 2292 2313 2551 2576 2577 2578 2579 2580 2583 2584 2602 2611 2624 2668 2669 2670 2671 2672 2673 2674 2675 2676 2677 2678 2679 2680 2681 2711 2716 2717 2718 2719 2721 2722 2723 2832 2833 2834 2836 2845 2850 2851 2867 2875 2938 2939 2940 3013 3032 3051 3053 3055 3056 3057 3058 3060 3253 3258 3266 3279 3281 3282 3283 3284 3285 3286 3287 3288 3289 3307 3308 3343 3354 3355 3386 3387 3388 3390 3391 3393 3394 3395 3396 3397 3517 3518 3534 3547 3550 3614 3618 3683 3684 3694 3745 3747 3748 3772 3776 3777 3781 3782 4229 4235 4236 4240 4245 4263 4266 4267 4382 4384 4385 4503 4564 4589 4646 4659 4660 4661 4682 4774 4777 4809 4810 4825 5222 5226 5232 5234 5248 5249 5254 5256 5258 5259 5327 5360 5708 5942 5948 5964 5965 5969 6034 6041 6196 6205 6230 6231 6234 6254 6311 6312 6688 6692 6702 6706 6719 6735 6769 6770 6771 6790 6794 6801 6802 6808 6830 6840 6855 6874 6875 6877 6905 6907 6916 7079 7087 7450 7534 7536 7580 7802 7806 7807 7886 7932 7933 7935 7936 8021 8163 8164 8258 8260 8289 8308 8474 8478 8524 8534 8558 8571 8595 8597 8618 8620 8622 8624 8625 8626 8627 8628 8658 8659 8665 8666 8667 8668 8677 8725 8727
167
5555 2778 2777 2776 1340 2977 5141 1436 2978 1858 313 3351 317 6928 3353 6927 6934 4560 5429 303 6937 6920 6919 5422 507 5097 3365 3364 4558 4559 395 405 395 366 2087 2086 300 5423 407 303 6937 6920 6925 6924 2089 1895 6926 2092 2091 285 290 280 5886 5888 7175 2858 7172 7173 7174 458 5364 50 4611 465 6258 6255 621 3465 1419 645 3464 6382 112 109 4606 3911 3912 3913 3914 6386 642 2438 4466 4464 4313 610 605 4470 727 598 729 2431 4468 603 6328 6324 6325 6246 6321 6245 6247 2429 611 558 3997 1946 6252 181 203 3171 6314 208 206 209 210 207 730 209 702 209 730 6726 205 204 208 206 209 730 7284 730 6726 205 204 208 6314 3171 3172 3171 203 181 6252 866 6245 6247 2429 611 558 6224 950 2900 5219 6293 6220 3919 3994 1861 2827 5406 1721 1158 1436 2978 1435 4561 2776 2777 2778 5555
4324 2273 6249 8119 8127 7367 8120 6199 8118 3410 948 1048 1126 1127 1389 1390 2274 4322 5480 5534 6170 8117 8121 8124 8125 8126
95
5555 2778 2777 2776 1340 2977 5141 1436 2978 1858 313 3351 317 6928 3353 6927 6934 4560 5429 303 6937 6920 6919 5422 507 5097 3365 3364 4558 4559 395 366 2087 2086 300 5423 5424 5423 407 303 6937 6920 6925 6924 2089 1895 6926 2092 2091 285 290 280 5886 5888 7175 2858 7172 7173 7174 458 5364 50 51 3888 3480 3887 5214 477 3008 7173 7174 3 5887 2061 4664 2060 243 246 255 6005 480 2090 4545 482 481 483 1441 1440 5639 1165 1435 4561 2776 2777 2778 5555
6335 4355 604 856 924 947 949 3020 3076 3077 4323 5481 8093
1168
5555 2778 2777 2776 1340 2977 5141 1618 2882 1442 1646 1635 1648 2080 5544 1295 7167 127 540 127 128 7167 1295 5544 2080 5404 1216 1217 5405 1213 1478 1214 1218 1215 110 1731 1219 1736 1719 1744 7169 1030 83 1750 6241 0 6240 6237 1141 4635 4451 867 6229 911 936 890 936 911 6229 867 881 2900 5219 6293 6292 6253 5219 6293 6292 6289 6292 6293 6220 3919 907 6218 6215 6217 6215 6218 907 3919 3994 1861 2827 129 1215 110 111 4267 1217 5405 1213 1478 1214 1218 1715 2071 478 3393 3389 7209 7208 7203 7204 7205 7206 917 4128 670 876 956 694 2719 664 669 686 880 896 868 918 868 667 81 5247 82 693 1714 3311 4122 6973 6975 6469 4121 6976 2803 130 6468 582 2427 980 2957 1022 1666 1665 999 6461 1203 4130 6458 4129 6455 6453 1957 6448 1433 6463 1125 1043 6450 681 1356 1358 1096 1352 678 1082 1085 5796 1085 1082 678 768 1354 6998 668 3302 1973 1974 1973 3302 668 775 674 683 680 807 680 751 2857 2959 2857 751 680 807 1950 3331 5813 2831 5199 534 4447 5811 5809 5810 5809 5811 5812 5811 5809 755 821 5873 2842 3903 3904 2856 3907 3906 3905 2860 3903 3904 3907 3906 2861 2973 2972 2717 5858 7145 5850 7145 5858 1678 5848 3290 5857 2716 5846 5832 5833 5832 5834 5836 4619 5857 3290 5848 1678 5858 2717 2972 2973 2861 3905 2860 3903 3904 2856 173 4120 5868 5870 5866 5864 5862 5871 5861 5871 5859 5860 5859 4118 5875 3486 3311 4122 6973 6975 6469 4121 130 6468 6467 131 133 132 6466 1716 1714 3311 4122 6973 6975 6469 4121 130 6468 6467 131 114 2428 1201 6467 131 133 132 6466 6469 4121 130 6468 582 2427 980 2957 1022 1666 979 858 838 841 838 858 979 1666 1665 999 6461 1203 4130 6458 4129 6455 6453 1957 6448 1433 6463 1125 1043 6450 681 1356 1358 1096 1352 678 768 741 4788 794 817 815 756 742 5791 742 799 811 739 796 4721 842 5787 4071 757 3804 5265 761 4113 761 5265 3804 3805 124 789 124 870 3476 4332 843 766 5727 5716 825 753 845 908 1119 5271 862 740 1955 777 1962 1122 1056 1188 4698 7125 7025 3831 1077 6994 5706 1051 5708 4697 5708 1098 1100 1132 1209 1132 1100 1098 5708 1051 5706 6994 1077 4336 1191 2517 1210 1183 1200 4337 2533 2534 2532 3829 7040 7039 3828 7032 7034 6896 6895 6897 2557 2549 4662 2548 2544 2545 2560 2545 2546 2561 2546 2563 2542 4660 78 2543 5045 2877 3799 5047 7259 3797 2568 6849 7257 6849 6832 3069 6832 6849 2568 3797 7259 5047 3799 2877 5045 2543 1468 2558 5299 535 530 4085 3181 6822 6828 6830 4433 2493 5080 5082 1469 5298 2495 5298 2497 7218 7217 7218 2497 2524 2500 2499 2498 2499 2500 2524 533 440 2527 440 533 2524 2497 5298 1469 5082 5080 2493 4433 4623 3183 3187 3184 3786 3185 5063 3185 3186 3761 3763 3761 3186 3781 3783 3782 3789 2536 3795 3793 76 75 74 5061 5057 5059 5055 5053 3788 5051 5052 5051 7065 4415 6840 2537 5049 4614 5275 2538 6855 2538 5275 4614 4613 443 445 4612 445 443 4613 4614 5275 3791 3782 3789 2536 4085 3181 6822 6828 6830 4433 2493 5080 5082 1469 5298 2497 2524 2500 2502 2501 2523 5084 1191 2517 1210 2515 2507 3178 3180 6911 6913 6914 6913 6911 3180 3178 3802 3803 417 1893 1193 1893 417 3803 3802 3178 2507 2515 1210 1183 2519 6899 2520 6899 2519 1183 1210 2517 1191 4336 1077 6994 5706 1051 5708 1098 1100 1132 1100 1098 5708 1051 5706 6994 1077 3831 7025 7125 4698 1188 1056 1122 1962 777 1955 740 862 5271 4712 7029 5270 1205 1953 827 4417 5722 5721 5720 5721 5722 753 845 908 1119 802 792 784 845 753 825 5716 5727 766 4723 5799 5264 4360 1889 803 758 803 4684 4361 4360 1889 764 828 837 779 2844 679 5367 4443 5847 1676 1679 807 1950 3331 5813 2831 5199 534 4447 534 5199 2831 5813 3331 1455 1454 1455 5815 5817 7020 668 3302 1973 1978 793 4069 793 1978 762 1976 1979 1974 1973 3302 668 775 674 683 680 807 1950 3331 5813 2831 5199 1678 5858 2717 5198 2717 5858 7145 5850 5854 5197 5373 5372 5371 5370 5373 5197 5854 5850 7145 5858 1678 5848 3290 5857 2716 5846 5832 5834 5836 4619 5857 3290 5848 1678 851 5805 1677 1675 1679 1676 5847 4443 5367 679 6999 888 671 5765 691 673 682 685 666 688 2959 683 674 775 668 6998 1354 768 741 768 678 1352 1096 1358 1356 681 6450 6449 6451 6449 6450 1043 1125 1447 6463 1433 1434 1433 6463 1125 1043 6450 681 1356 1358 1096 1352 678 768 741 4788 794 817 815 756 742 799 811 739 796 4721 842 5787 4071 826 7260 4330 4331 4332 843 5715 5785 5786 5785 914 5728 1319 5777 816 1655 5772 1951 1961 995 1018 5760 5753 5735 5749 5738 5741 5740 5737 5736 5739 5740 5876 5743 5744 5745 5744 5759 5752 5701 1114 5758 993 1099 1121 1089 1101 977 1101 1135 1121 1099 993 5758 1114 5701 5752 5759 1133 1097 1094 5734 2508 1118 5271 862 740 1955 777 1208 829 781 857 4706 4707 4706 767 4708 767 4900 4901 1021 4903 813 4340 4341 1062 994 1003 994 1062 4341 4342 801 1091 1104 1088 1086 4363 1047 1058 4813 4343 1084 822 840 822 810 822 1084 4343 4813 1058 3833 1117 1984 1087 1041 1061 1055 1061 1045 2896 3073 1046 3072 1046 3073 2896 1045 1061 1041 4532 4889 745 1964 1007 1964 1965 1008 454 998 987 1007 1129 1105 1130 4534 4384 1697 1696 1697 5439 3230 4539 4538 4537 4538 4539 5118 3238 5692 1417 5692 3238 2506 2505 2504 2505 2506 3239 2502 2500 2524 2497 5298 1469 5082 5080 5081 5080 5082 1469 5298 2497 2524 533 440 2527 2529 6888 437 6888 2529 2531 2525 424 423 422 6822 3181 4085 530 535 5299 2558 1468 2558 2557 6897 6895 7036 6894 2551 2555 4338 2555 2551 6894 7036 6895 6896 7034 7032 3828 7039 7040 3829 2532 5079 5077 5075 5077 5079 2532 2534 2533 4337 1200 1183 1210 2515 2507 1024 2507 2515 2513 6994 1077 3831 7025 7125 4698 1188 1056 1122 1962 777 1208 829 781 857 4706 767 4900 4901 1021 4903 813 4340 1981 1980 5713 2898 798 2884 818 734 5529 883 5533 5534 962 5535 2801 5536 5572 4576 4577 5140 1622 5611 1533 5556 1337 1339 1338 1329 1328 1341 1340 2776 2777 2778 5555
8713 8267 1882 1363 4467 6977 4357 4360 1838 7835 4626 7866 1170 1367 7990 7868 5282 8333 118 1096 8669 3111 1524 2162 122 3138 6635 6636 4338 7618 6215 8673 5546 6646 5548 6661 6659 5285 3116 1266 1309 1252 770 1213 372 2004 1587 6159 2777 5176 5174 5672 2800 2801 7483 5410 2740 7852 2743 2761 4131 6121 4111 5138 5135 7743 5128 5541 3417 7512 1588 1594 1569 6545 1547 5615 5193 5198 3090 340 5266 1318 8542 2155 2149 2150 1169 6218 2946 6274 5547 6611 1239 7107 8538 8536 1255 705 6605 1283 374 376 6555 6553 6558 6557 6590 1442 5184 727 1326 5731 5732 1334 1469 2144 2143 1472 1268 1314 1506 3293 3292 1264 1446 8701 5452 8526 2746 6145 2762 8191 5399 2798 784 2778 8360 120 121 123 124 363 364 365 366 367 375 403 629 630 631 704 706 707 731 769 771 874 1097 1167 1171 1182 1183 1184 1186 1187 1240 1241 1242 1243 1244 1245 1247 1249 1251 1253 1254 1256 1267 1284 1285 1286 1288 1317 1320 1327 1328 1329 1330 1331 1332 1333 1335 1338 1339 1366 1433 1484 1485 1486 1510 1515 1535 1536 1537 1538 1556 1570 1571 1572 1573 1574 1575 1576 1577 1592 1593 1840 1841 1851 1852 1853 1854 1857 1870 2142 2145 2153 2154 2157 2163 2165 2747 2752 2754 2760 2767 2769 2770 2771 2772 2773 2779 2780 3079 3084 3086 3087 3088 3089 3091 3092 3108 3109 3110 3112 3113 3114 3415 3416 3466 3835 3838 3839 3880 4144 4334 4336 4340 4359 4457 4458 4476 4582 4583 4617 4622 4623 4741 4745 5131 5139 5140 5165 5166 5167 5168 5169 5170 5171 5175 5182 5183 5185 5187 5201 5208 5265 5267 5268 5269 5270 5271 5283 5423 5433 5435 5539 5540 5549 5608 5628 5656 5657 5658 5659 5660 5714 5717 5749 5753 6129 6130 6131 6216 6217 6255 6257 6258 6259 6260 6261 6262 6263 6264 6265 6266 6269 6270 6272 6273 6275 6317 6319 6565 6572 6573 6583 6587 6609 6612 6613 6614 6615 6616 6617 6618 6619 6620 6624 6625 6626 6665 6667 6668 6669 6670 6671 6674 6677 6937 7105 7504 7565 7566 7567 7568 7569 7570 7715 7799 7823 7837 7839 7840 7848 8039 8041 8042 8079 8176 8203 8204 8206 8261 8265 8266 8316 8328 8539 8674 8675
0
5555

66
5555 2778 2777 2776 1340 2977 5141 1436 2978 1858 5431 551 1441 4667 2963 2961 2850 1437 3928 1438 1847 1848 2840 5242 581 5676 247 5243 8 6 7 8 5243 247 5676 5673 5676 581 5242 2819 1853 1439 1437 3928 273 5408 3436 494 496 1854 1438 1439 1857 5496 5400 14 1440 5639 1165 5640 1165 1435 4561 2776 2777 2778 5555
7918 6524 2888 3587 8403 226 658 659 1986 1989 1990 7917 7919 8327 8709
0
5555

532
5555 2778 2777 2776 1340 2977 5141 1436 2978 1858 5431 551 310 294 2911 305 7212 291 7210 286 283 312 307 312 283 286 7210 291 7212 305 4544 4663 257 5 5886 5888 7175 2858 7172 7171 3008 477 719 732 712 728 2435 623 961 889 4315 1947 4956 5218 4635 4451 6243 6226 611 558 3997 1946 3312 6248 6251 6301 6300 6301 6302 6308 6304 1930 6307 6306 6308 6302 6301 6251 6248 3312 1946 6252 181 203 3171 6314 208 206 209 210 207 730 6726 205 4142 6313 203 181 6252 866 6245 6247 2429 6322 863 710 4951 4313 4464 4466 2438 642 6386 3914 3913 3912 3911 4606 639 6380 319 318 319 6380 639 112 6382 3464 645 1419 3465 621 6255 1362 1443 3940 3943 5346 459 460 1713 1712 462 7234 463 2467 555 3862 5971 5969 3863 3864 3865 3866 3867 3868 3869 7045 5995 3870 4012 3871 4088 3933 7000 3934 6002 6001 6996 1702 6996 6001 6918 6917 4008 3062 3063 3062 3050 3058 3057 3056 2008 2009 2025 2023 2046 3031 5968 4000 1409 1410 1406 1407 7384 1408 1406 1410 1409 7236 2397 2404 2388 3043 2391 2400 2466 2386 2383 5982 2403 2394 2402 2447 5972 2449 2450 2452 3863 3864 3865 3866 3867 3868 3869 7045 7044 7045 5995 3870 4012 3871 4088 3933 4010 4009 4008 4009 215 7001 6917 4008 3062 3050 85 88 84 94 86 1471 3057 3056 2008 2007 3084 2006 2005 2004 2003 2002 2001 2000 1999 1998 1997 1995 1997 2445 2450 2452 2450 2449 5972 2447 5972 5970 5971 5970 5972 2447 2402 2394 2392 5981 7158 7157 3407 7157 7158 5981 2392 2394 2403 5982 3044 3045 3046 3045 3044 5982 2383 2386 2466 2400 2391 3043 2388 2404 3999 1389 1387 1386 1388 2380 3037 1036 3038 6946 1867 1864 464 4291 1394 1393 5933 5934 965 964 968 963 966 967 5936 5937 5933 1393 1394 5932 5938 4292 4293 1710 1711 4294 469 2470 5399 5397 5390 5392 5394 5396 5394 5395 5393 5391 5397 5399 2470 6053 472 474 1865 1863 5883 5884 549 5225 3432 3034 3035 5881 1398 1361 1398 5881 2936 3953 3955 3952 3055 3032 3033 5967 7219 7220 1381 1379 1385 1388 2380 3037 1389 3999 2404 2388 4001 2396 4000 5968 2056 2047 2045 2044 2045 2047 2046 3031 3030 3028 2048 2040 2036 2039 2126 2122 2121 2120 2119 2117 2115 2113 2111 2112 2110 2108 2110 2112 6802 2112 2114 2113 2115 2117 2119 2120 2121 2122 2028 2027 6800 2020 2022 2034 2035 2037 3029 2042 3028 2048 2040 2036 2039 3026 6797 3061 2049 3889 2867 2868 3065 2869 6807 4025 2938 2581 4026 2581 2582 4020 4019 2580 2576 2578 2577 2578 2576 2580 4019 4020 2582 4021 4022 5304 4023 2572 2574 7050 1915 3895 1917 5339 1916 725 713 711 637 595 601 635 894 603 6328 6324 6325 6246 6321 6245 6247 2429 611 558 6224 950 2900 5219 6293 6220 3919 3994 1861 2827 5406 1721 1158 1436 2978 1435 4561 2776 2777 2778 5555
926 942 24 323 6984 3881 1388 8166 4259 8707 4515 8521 8518 7729 3264 7698 7934 4501 4497 2690 2689 2687 6755 6757 3247 8490 3234 1042 8352 8726 2720 6301 6683 8461 3229 7853 4485 2193 2204 2237 2303 8307 8305 2302 2300 2227 2197 2243 2223 3118 4534 4535 4305 2813 21 22 87 88 317 929 951 1035 1391 2125 2130 2186 2190 2205 2206 2221 2222 2231 2241 2242 2244 2245 2246 2294 2615 2617 2628 2629 2712 2812 3119 3246 3260 3261 4246 4247 4255 4345 4373 4374 4376 4377 4492 4499 4500 4504 4505 4508 4510 4513 4591 4592 4781 5438 6298 6300 6729 6750 6751 6754 6988 6994 7001 7002 7447 7448 7516 7797 7798 7801 8136 8145 8168 8309 8350 8353 8493 8495 8510 8515 8517 8519 8520 8708
0
5555

0
5555

0
5555

169
5555 2778 2777 2776 1340 2977 5141 1436 2978 1858 5431 551 1441 4667 2963 2961 2850 488 238 234 590 4542 2057 249 248 583 584 585 584 583 248 2066 4302 2063 2065 2063 4302 1330 2058 2059 590 591 493 490 3928 1438 1439 1857 5496 5400 16 1298 3438 1298 16 5400 14 1440 5639 551 1441 4667 2963 2961 2850 1437 3928 273 5408 3436 274 3437 1172 4473 4673 4290 4277 1168 1694 1170 1167 2351 1166 1169 2735 1426 1425 3304 5418 1176 3305 1174 3430 4472 2348 2825 2354 486 591 4541 4540 272 5410 272 4540 4541 591 590 2921 2349 1787 250 236 233 4058 2064 4309 2058 2059 590 4542 2057 249 248 2066 4302 1330 2058 2059 4542 2057 2067 4276 4306 256 1541 256 4306 4276 4307 4308 266 2068 4378 3921 4378 4523 4522 4523 4378 4432 4430 4432 4378 3921 4426 4289 3007 481 483 1441 1440 5639 1165 1435 4561 2776 2777 2778 5555
1068 8336 320 322 3159 3855 5394 7562 5455 920 8345 2552 2259 299 899 8588 4746 4747 455 435 148 298 302 303 304 305 306 426 436 456 918 1065 1066 1067 1073 2544 2545 2546 2547 2557 3133 4327 4559 5384 5396 5439 5454 5589 5591 8334 8335 8342 8407
0
5555

855
5555 2778 2777 2776 1340 2977 5141 1436 2978 1858 313 3351 317 6928 3353 6927 6934 4560 5429 303 6937 6920 6919 5422 507 5097 3365 3364 4558 4559 395 405 402 404 402 401 403 401 402 405 395 366 2087 2086 300 6935 6936 2087 366 395 4559 4558 3364 3365 5097 4557 1159 1158 2882 1442 1646 1635 1648 2080 5404 1216 1217 5405 1213 1478 2800 5540 3486 3311 4122 6973 6975 6469 4121 130 6468 6467 131 114 2428 1942 3356 6475 988 6480 6482 6483 6482 6480 988 225 226 3380 1941 989 744 1940 5095 5094 5095 800 831 823 831 4125 5116 5115 7263 1944 3317 3319 3323 3321 4041 1943 213 6567 3298 3297 26 13 27 28 1936 6731 6705 6706 6702 6699 1908 6697 190 191 192 1909 703 6688 6687 6688 703 6692 6693 6694 6691 6692 703 1909 6695 537 3391 3390 3993 3995 900 942 900 3995 3996 701 926 4038 952 887 596 6279 612 884 3102 609 6283 6722 6285 593 3155 4327 212 4141 6730 869 6553 201 1420 6554 12 6554 1420 201 139 136 200 138 137 202 139 136 200 138 137 202 1420 6554 3300 3301 6748 6749 6750 6743 6775 6555 6760 6770 6745 6770 6769 6761 6769 6770 6760 6555 6775 6774 6773 6774 6775 6743 6750 5207 183 182 183 1722 6667 1927 1925 6781 6778 6777 6779 1922 1921 7387 1922 6779 6781 1925 1927 6667 6666 1929 1928 6669 1928 1926 6668 6665 6793 6663 6664 6662 1934 6662 5208 6790 6788 6786 6784 6782 5207 6750 6743 6775 6555 6760 6770 6745 3247 3297 3298 3094 6604 6602 6600 6595 6597 5206 6507 6508 6522 6523 6525 6519 6517 6524 6526 6474 6515 6512 6514 6487 6488 6490 6504 6493 6502 6498 6494 6500 6496 6501 6499 6473 6607 5101 6636 6637 6636 6644 6653 6635 6632 6634 6632 6635 6631 6627 6656 6660 6623 5205 2763 2764 6661 2764 2763 5205 6623 6660 6656 6627 6631 6635 6653 6644 6636 5101 6609 6570 6569 6571 6574 3877 1907 1906 1905 3396 3394 3395 1907 1906 3386 6610 6614 6615 6614 6618 6616 6621 1180 199 3878 3875 1429 2749 2740 2755 2757 2759 2761 2762 2761 2759 2757 2755 2740 2749 1429 3875 7201 7200 7201 3266 6680 3267 3263 3264 6677 3265 6674 6672 6673 6672 6675 6674 3265 6677 3264 6558 3251 3372 3374 1874 3387 479 3876 65 3297 3298 3094 6604 6605 3016 3394 3395 3877 6574 6571 5101 6607 6473 1938 7008 7007 7006 6639 7006 7007 7008 1938 6499 6501 6496 6500 6494 6498 6502 6493 6504 6490 6488 6487 6514 6512 6515 6474 6510 1939 1944 7263 5115 6528 6529 6528 5115 5116 4125 831 800 5095 1940 4241 4240 4241 1945 6533 7271 6533 1945 4241 1940 5095 800 831 4125 5116 5115 7263 1944 1939 6510 6474 6515 6512 6514 6487 6488 6490 6504 6493 6502 6498 6494 6500 6494 6498 6502 6503 6502 6498 6494 6500 6496 6501 6499 1938 6473 6607 6606 6608 6606 6609 5101 6636 6644 6653 6635 6631 6627 6656 6660 6623 5205 2763 1935 3286 2738 3280 2738 3286 1935 2763 5205 6623 6660 6656 6627 6631 6635 6653 6644 6636 5101 6607 6473 1938 7008 7007 6641 7007 7008 1938 6499 6501 6496 6500 6494 6498 6502 6493 6504 6490 6488 6487 6514 6512 6515 6474 6510 1939 1944 7263 5115 5116 4125 831 800 5095 1940 744 989 1941 3380 226 225 988 6475 3356 1942 684 6476 684 1942 2428 114 132 6466 6469 4121 130 6468 582 2427 980 2957 1022 1666 979 1020 979 1666 1665 999 6461 1203 4130 6458 4129 6455 6453 1957 6448 6446 6448 1433 6463 1125 1043 6450 681 698 681 1356 1358 1096 1352 678 768 1354 6998 668 7020 5817 5818 5817 5815 1455 3331 1950 807 680 751 2857 795 1971 856 4445 1970 685 666 856 4445 1970 675 772 848 691 5765 671 888 6999 679 5367 4443 5847 5246 5847 1676 1679 1675 1677 5805 851 1678 5858 7145 5850 5851 5850 7145 170 172 170 7145 5858 2717 2972 2973 2861 3905 2860 3903 3904 2856 173 4120 5868 5870 5869 5868 4120 4119 4118 5875 4118 4119 4120 173 2856 3907 3906 3905 2860 2842 5873 7015 5874 7015 7016 7013 7014 7013 7017 7013 7016 7015 5873 821 847 4123 6978 6977 7011 6977 6978 2803 130 6468 6467 131 133 132 6466 6469 4121 130 6468 6467 131 114 132 6466 6469 4121 130 6468 582 2427 980 2957 999 6461 1203 4130 6458 4129 6455 6453 1957 6448 1433 6463 1125 1043 6450 681 1356 1358 1096 1352 678 768 1354 6998 668 775 674 683 2959 688 666 685 682 673 691 5765 671 888 6999 679 2844 4033 1890 4319 2885 2952 2811 5532 5533 5534 962 5535 2801 5536 5572 4576 4577 5140 1622 5611 1533 5556 1337 1339 1338 1329 1328 1341 1340 2776 2777 2778 5555
1018 1017 5814 6332 1005 5280 7130 6167 1238 3669 2114 2116 2119 8056 3727 3729 8107 7328 7329 7334 1392 183 8052 8050 8049 8045 3539 6175 7424 7427 8100 571 7430 575 2091 7290 7292 592 2107 6190 7160 7163 3566 3575 7144 7264 7261 2988 7200 3741 7249 3707 7319 2984 7833 7309 7310 7610 7266 7166 6166 6163 7168 3667 3574 7146 7245 7244 588 582 2958 7268 876 1156 1450 674 3115 7103 6268 6267 1165 6256 6640 125 126 129 342 1172 6610 664 6653 8088 6672 3070 6675 7710 7709 7705 5274 7573 8019 3106 127 128 130 465 569 572 573 574 577 578 579 580 581 583 584 585 586 587 589 590 591 594 1006 1008 1157 1321 1437 2083 2084 2090 2098 2099 2100 2101 2106 2108 2115 2117 2118 2330 2956 2957 2962 2963 2964 2965 2985 3069 3107 3318 3319 3320 3321 3322 3476 3477 3495 3496 3561 3562 3563 3564 3565 3567 3568 3569 3570 3571 3572 3573 3576 3577 3656 3657 3659 3660 3661 3662 3663 3664 3665 3666 3668 3670 3671 3672 3674 3675 3676 3702 3703 3704 3706 3717 3718 3719 3720 3723 3726 3728 3730 3731 3733 3735 3736 3737 3738 3739 3740 3742 4194 4195 4196 4198 4200 4284 4285 4287 4288 4289 4290 4291 4292 4294 4295 4296 4297 4298 4333 4464 4699 4700 4969 5275 5276 5279 5629 5630 5631 5633 5999 6000 6164 6173 6174 6176 6177 6178 6179 6180 6181 6182 6183 6184 6185 6191 6192 6331 6629 6673 7125 7157 7158 7159 7161 7164 7183 7184 7186 7187 7193 7202 7232 7241 7243 7260 7291 7298 7300 7308 7312 7313 7320 7332 7333 7335 7391 7392 7393 7425 7429 7431 7434 7530 7531 7532 7533 7611 7612 7613 7614 7615 7711 7937 7938 8047 8048 8108 8131 8132 8133 8141 8142 8143 8144 8221
0
5555

0
5555

0
5555

888
5555 2778 2777 2776 1340 2977 5141 1618 2882 1442 1646 1635 1648 5407 1866 1336 478 3393 3389 3392 3101 6547 2954 6546 6550 3427 3429 3425 3414 3413 3414 3425 3424 3422 3421 3422 3424 3425 3428 3417 3426 3418 3417 3428 3427 6550 6546 2954 6547 3101 6565 6564 1421 6559 6732 6561 1943 213 6567 3298 3297 26 13 29 38 37 38 33 43 46 39 49 12 6554 1420 201 139 136 200 138 137 202 139 136 200 5100 5099 6731 6705 6706 6702 6699 1908 6697 190 192 1909 6695 537 3391 3390 3993 3995 3996 701 926 887 596 6282 4040 4131 4132 4131 4040 6282 596 6279 612 884 3102 609 6283 6722 6285 593 6711 6713 6712 6716 6708 6716 6712 6715 6714 6717 6713 6711 593 3155 4327 212 4141 3159 3160 6796 6795 3161 1934 6664 6663 6793 6665 1924 7193 7195 7196 1923 1926 6668 1931 1932 1929 6666 6667 1722 183 5207 6782 6783 6782 5207 6750 6749 187 186 185 187 6749 6750 6743 6775 6555 6760 6770 6745 3247 3297 26 28 1936 6731 1422 6732 6561 1943 213 6567 3298 3094 6604 6605 6599 6598 6583 6585 6587 6580 6579 6578 6577 6596 6601 3016 3394 3395 1907 1906 3386 6610 6611 6610 6614 6618 6616 6617 6616 6621 1180 1181 1180 199 196 197 198 3874 3280 2738 3286 1935 2763 5205 6623 6660 6656 6627 6631 6635 6653 6644 6636 5101 6571 6574 3877 1907 1906 3386 6610 6614 6618 6616 6621 1180 199 3878 3875 1429 2749 2740 1872 2742 2747 2748 2746 6684 6683 1872 2740 2749 1429 3875 7201 3266 6680 3267 3263 6558 3251 3256 3255 3252 3257 3258 3260 3258 3257 3252 3255 3256 3251 3372 3374 6557 3375 6557 3374 1874 3387 1905 3396 3394 3395 3877 6574 6571 5101 6607 6473 1938 6499 6501 6496 6500 6494 6498 6502 6493 6504 6490 6488 6487 6514 6512 6515 6474 6510 1939 1944 7263 5115 5116 4125 831 800 5095 1940 744 989 1941 3380 226 225 988 3354 6534 2953 1430 4244 4243 986 6542 985 1009 985 7273 985 6542 986 4243 4244 1430 2953 6534 3354 3355 3354 988 225 226 3380 1941 989 744 1940 5095 800 831 4125 5116 5115 7263 7262 7263 1944 1939 6510 6474 6526 6527 6526 6474 6515 6512 6514 6487 6488 6490 6489 6490 6504 6493 6502 6498 6494 6500 6496 6501 6499 1938 6473 6607 6606 6609 6570 3014 3015 6596 6601 6593 6591 6589 6579 6580 6581 6582 6595 6600 6598 6599 6598 6583 6585 6581 6580 6579 6578 6577 6596 6601 3016 3394 3395 3877 6574 6573 6575 6573 6574 3877 1907 1906 3386 6610 6614 6618 6616 6621 1180 199 3878 3875 1429 2749 2740 1872 2742 2747 2744 2743 2744 2745 2748 2746 6684 6683 1872 2740 2755 2757 2759 2761 2741 2761 2759 2757 2755 2740 2749 1429 3875 7201 3266 6680 3267 3263 3264 6558 3251 3372 3374 6557 3374 1874 3387 479 3876 65 3297 26 13 29 31 29 38 33 43 44 49 12 6554 1420 6553 201 139 136 200 5100 5099 6731 1422 6732 6561 1943 4041 4042 6543 4042 4041 1943 213 6567 3298 3297 3247 6745 6770 6760 6555 6775 6743 6738 6739 6742 6739 6738 6743 6750 5207 183 1722 1932 1722 6667 1927 7276 1927 6667 6666 1929 1928 1926 1923 7196 7195 7196 7194 7192 1924 6665 6793 6792 6663 6664 6662 5208 6790 6788 6790 5208 6662 1934 3161 6796 3160 3159 211 212 4141 6730 3299 6730 4141 212 4327 3155 3158 3156 3158 3155 593 6711 6713 6712 6713 6711 593 6285 6722 6283 6284 6283 609 3102 884 928 884 612 6279 596 887 952 887 926 701 3996 701 926 887 596 6279 612 900 3995 3996 701 926 887 596 6279 612 884 3102 609 6283 6722 6285 593 3155 4327 212 4141 6730 869 6553 201 139 136 6704 6705 6706 6702 6699 1908 6697 190 192 1909 703 6692 6691 6694 1908 6697 190 192 1909 6695 537 3391 3390 3393 3389 3392 3101 6547 2954 6546 6550 3411 6550 3427 3429 3412 3429 3427 6550 6546 2954 6547 3101 6565 6564 1421 6559 6732 6561 1943 213 6567 3298 3297 3247 6745 6770 6769 6761 6764 6771 6768 6766 6768 6771 6764 6761 6769 6770 6745 3247 3297 3298 3094 6604 6602 6600 6595 6597 5206 6507 6508 6522 7106 6522 6508 6507 5206 188 7197 3014 6570 6609 5101 6636 6644 6653 6652 6649 6646 6647 6652 6653 6635 6631 6628 6630 6628 6631 6627 6656 6655 6656 6627 6631 6635 6653 6644 6636 5101 6607 6473 1938 7008 7007 7006 6639 6638 6639 7006 7007 7008 1938 6473 6607 5101 6571 6574 3877 1907 1906 3386 6610 6614 6618 6616 6621 1180 199 3878 3875 7201 3266 7199 3266 6680 3267 3263 3264 6677 6678 6677 3264 6558 3251 3256 3255 3252 3253 3252 3255 3256 3251 3372 3374 1874 3387 479 3876 65 3297 26 28 1936 6731 6705 6706 6702 6699 1908 6697 190 192 1909 6695 537 3391 3390 3993 1861 2827 5406 1721 1158 1436 2978 1435 4561 2776 2777 2778 5555
3794 3806 3805 3811 3335 3716 7949 7953 8051 8046 8044 7370 3732 2088 2086 253 4197 7355 7350 7349 7352 7444 7297 2096 2094 7435 8105 3725 7211 7616 7246 3701 7250 3705 8412 8114 8220 2973 3491 3654 3101 1468 3104 3626 7903 7165 7133 7904 6186 3217 7239 7213 7224 7231 7209 4286 3323 7205 3700 7321 2967 2969 7323 2966 7194 3653 7609 7940 8054 8134 3715 7176 7379 2095 570 3267 7295 7827 7829 7441 593 7185 7394 3399 7348 6970 1377 1436 2089 4465 3734 1203 7331 1197 3789 3792 7419 6193 7272 7280 7258 7285 7265 3497 7316 3485 181 1462 1463 1464 1843 1919 1920 2013 2015 2018 2075 2076 2077 2085 2087 2097 2102 2103 2104 2110 2959 2968 2970 2971 2972 3102 3103 3215 3216 3218 3334 3398 3400 3401 3482 3483 3484 3699 3709 3710 3711 3712 3713 3714 3722 3724 3783 3790 3791 3796 3797 3800 3801 3808 3809 3810 3813 4173 4174 4199 4293 4549 4701 6172 6187 6188 6189 7177 7203 7218 7219 7220 7221 7222 7223 7233 7234 7235 7236 7238 7240 7259 7276 7277 7281 7294 7296 7299 7305 7306 7322 7342 7343 7354 7369 7371 7372 7378 7387 7418 7422 7423 7440 7445 7446 7529 7604 7828 7830 7939 7945 7946 7951 7952 7957 7961 8053 8102 8103 8104 8115 8116 8128 8129 8529 8530
0
5555

0
5555

213
5555 2778 2777 2776 1517 1631 2807 1526 2802 1337 5556 1533 5611 1622 5140 4577 4576 5572 5536 2801 2833 5530 7142 5528 734 818 2884 798 2898 4043 2871 2949 1968 808 4689 4691 5718 778 812 778 5718 4691 4689 808 1968 5262 2889 4362 5727 766 843 5715 5785 914 5728 1319 5777 816 927 4107 4103 4101 4100 4101 4104 1961 995 770 1956 1954 1069 1083 1080 1133 5759 5744 5757 5876 5750 5739 5750 5746 5758 993 1099 1121 1135 1101 1135 1050 1057 1107 5761 1123 5764 750 4714 850 4716 5294 759 735 5780 735 759 844 759 735 5780 1969 776 6818 1894 6819 765 6812 6814 6820 6821 456 6821 6820 6814 6812 765 6819 1894 6818 776 1969 5782 5039 7279 5039 5782 1969 776 6818 1894 6819 765 6812 6815 6812 765 6819 1894 6818 776 1969 5780 735 759 5294 4716 850 4714 750 4719 2423 760 945 1951 5772 1655 816 5777 1319 5728 914 5785 5715 843 766 5727 4362 2889 5262 1968 2949 2871 4043 2898 798 2884 818 734 5529 883 5533 5534 962 5535 2801 5536 5572 4576 4577 5140 1622 5611 1533 5556 1337 1339 1338 1329 1328 1341 1340 2776 2777 2778 5555
1311 4610 1482 1508 6581 6566 4744 382 388 1302 1299 8208 6105 7458 380 383 385 386 387 389 711 712 713 714 715 737 738 1294 1295 1296 1297 1298 1478 1493 1511 2140 5654 5655 5742 5743 5744 5751 6580 6589
0
5555

0
5555

0
5555

0
5555

0
5555

0
5555

0
5555

0
5555

0
5555

0
5555

0
5555

0
5555

0
5555

0
5555

0
5555

0
5555

0
5555

0
5555

0
5555

0
5555

0
5555

0
5555

0
5555

0
5555

0
5555

0
5555

0
5555

0
5555

0
5555

0
5555

0
5555

0
5555

0
5555

0
5555

