92
12
737 738 248 246 2091 176 175 176 2091 246 248 738 737
3749 2574 2575
231
737 738 184 2864 4310 180 3441 2054 4126 2054 2056 182 3447 2057 2223 2226 758 2226 2223 2057 3447 182 2056 2224 2227 2224 2056 182 3447 2057 2058 2059 2060 179 2222 4101 3440 2061 4020 2061 4022 2055 3253 4009 3248 3249 3250 3251 3252 171 170 171 3252 3251 3891 3251 3250 3249 3248 4009 3253 2055 4022 2061 3440 4101 4100 4096 4100 4101 3440 4104 3440 4101 2222 179 2060 2059 750 2059 2058 2057 3447 4092 756 4091 756 4092 3447 2057 2223 2226 758 2229 2228 241 240 241 2228 4105 4418 4105 2228 241 2225 2222 4101 3440 2061 4020 4024 4023 4024 4020 2061 4022 2055 3253 4009 4008 4009 3248 3249 3257 3249 3250 3251 3252 171 3851 3916 3254 2062 3910 3909 3910 3902 2063 3912 3261 3914 3899 239 3262 239 3899 3914 3261 3887 3265 3264 2793 2792 4016 4012 4014 4012 4016 2792 2793 3264 3265 3887 3261 3912 2063 3900 2064 3736 2053 3733 3734 2052 2476 3728 3727 2477 2478 2477 3727 2480 3731 3730 3731 2480 3727 3728 2476 2052 3734 3733 2053 3736 2064 3900 2063 3902 3910 2062 3254 3916 3851 171 3252 3251 3250 3249 3248 4009 3253 2055 4022 2061 3440 4101 2222 179 2060 2059 2058 2057 3447 182 2056 2054 3441 180 4310 2864 184 738 737
2573 1076 3047 1071 688 3835 1638 1054 3745 2055 3025 3029 4297 3023 3800 3365 2962 2951 2058 2878 2041 2957 1039 2748 1008 1013 686 718 719 720 1005 1011 1012 1038 1040 1042 1044 1045 1048 1049 1052 1056 1057 1058 1059 1060 1061 1063 1065 1066 1068 1069 1070 1075 1077 1643 1644 1645 1646 2038 2040 2046 2047 2425 2572 2956 3026 3805 4292
182
737 738 248 246 2091 2092 4109 2231 243 4106 4105 2228 2229 758 757 758 2229 2230 741 2230 2229 2228 241 2225 2222 179 2060 2059 2058 2057 3447 182 2056 2224 769 2224 2056 182 3447 2057 2058 2059 2060 179 2222 2225 4426 4425 4426 2225 2222 4101 3440 2061 4020 4024 4026 4018 4017 4018 4016 2792 2793 3264 3265 3896 3895 3896 3265 3887 3261 3912 2063 3902 3910 2062 3254 3916 3851 171 3252 3251 3250 3249 3248 4009 3253 3259 3253 4009 3248 3249 3250 3251 3252 171 3851 3916 3254 2062 3910 3902 2063 3912 3261 3914 3899 3900 2064 2341 236 235 236 2341 2064 3900 2063 3912 3261 3887 3265 3896 3267 3269 3270 3893 3272 3886 3273 3274 3273 3886 3272 3925 3275 3925 3272 3893 3272 3886 3273 3922 3920 3919 3920 3922 3273 3886 3272 3893 3270 3269 3267 3896 3265 3264 2793 2792 4016 4018 4026 4024 4020 2061 3440 4101 2222 179 2060 2059 2058 2057 3447 182 2056 2054 3441 180 4310 2864 184 738 737
3807 677 689 4301 3802 2400 1067 4310 680 2959 2870 1046 1050 2035 2873 1043 3797 1647 1648 1651 2061 3744 1652 2883 678 679 717 868 869 1047 1051 1053 1055 1062 1064 1072 1073 1074 1639 1640 1641 1642 1649 1650 1653 2036 2037 2039 2048 2049 2050 2051 2576 3806 3834
0
737

1268
737 738 184 2864 4311 760 736 2781 1301 1302 1301 2781 736 1299 2782 2783 1290 3453 1288 2785 1285 1283 2786 251 3452 2788 1280 2788 1281 2789 1278 1275 1278 2789 2791 845 2791 1308 2791 2789 1281 1282 1281 2789 1278 2789 1281 2788 3452 251 2786 2787 2786 1283 1285 2785 1288 3453 1289 3453 1290 1291 1290 2783 2782 1299 736 2781 1301 1303 189 186 1305 192 3445 2779 4420 195 2777 207 206 329 206 205 204 205 206 207 211 210 211 472 3437 254 2775 1979 1966 1978 1954 3444 37 1952 4276 4289 4277 1965 4136 4134 4136 1965 2863 2875 4160 2875 2342 1906 1922 1913 1916 1963 4309 1919 4155 1888 4308 4307 1903 603 3547 3545 3546 4574 4573 4305 4306 398 396 397 396 398 4306 3543 3350 3430 3533 558 585 558 3533 3430 3057 3058 4303 605 3352 4305 4306 3543 3541 3542 3544 3545 3546 4231 3353 1637 1638 1637 1895 228 1720 2861 1506 1719 281 519 4598 282 4147 4148 230 231 3331 1722 4475 2513 407 406 402 406 404 2514 379 2539 2736 2740 2749 2746 4480 4481 544 545 2682 2685 2687 1985 539 1986 51 1986 539 1985 2687 1957 3137 1967 4165 393 4583 1999 2794 2006 52 71 321 320 321 2001 266 267 266 2001 321 71 52 2006 2794 1999 4583 393 4165 1967 3137 265 386 265 3137 1967 4165 393 4583 1999 2219 349 351 2020 2002 858 343 342 343 858 854 881 853 4172 3336 884 863 4121 4122 2756 4502 4497 4499 4124 4499 4497 4502 2756 4122 4121 863 876 866 856 489 870 931 2748 850 3134 850 2748 2744 2737 2733 2732 2089 2087 2088 2731 936 417 418 420 2085 2084 2721 2084 529 2083 419 417 936 2731 2088 928 929 3107 3106 3103 3102 2086 3102 3104 3105 627 422 886 2090 4370 2972 2973 2971 3064 3548 624 626 2090 4370 2972 2973 2258 2260 4228 4227 2264 3073 4565 622 618 617 618 616 614 612 1815 3065 864 3066 4409 4452 4408 4409 3066 3067 2703 2071 2274 2275 2274 2071 3068 3474 3069 23 21 3070 2198 2205 3344 4198 4199 3536 3540 3536 4447 2212 2213 541 2209 2200 2204 2200 536 2195 2191 2190 3538 2194 719 4600 4190 3228 3227 3229 3227 3228 4190 4599 540 819 2196 4194 4197 4198 3344 4195 869 4385 851 3230 3236 3230 851 852 2214 3239 3240 4200 4369 3141 624 626 2090 4370 2972 620 879 2742 2754 2742 879 620 2972 2973 2258 2260 4228 2683 3333 2680 4228 4227 883 4132 2331 2333 2336 429 880 873 860 882 859 878 868 857 3492 4233 1811 1812 1813 13 1813 1812 1811 4233 3492 857 424 2821 4232 3065 1815 612 614 616 618 622 4565 3073 2264 3064 3548 624 626 627 625 3106 2731 4392 4387 261 2321 4386 4390 4391 4388 2730 4478 3343 4389 4479 2087 2088 2731 4392 4387 261 2321 526 3142 532 522 521 522 3145 522 532 3142 4201 897 2318 2673 2675 4580 2679 399 4280 2519 4465 4466 3060 4472 4471 4472 3060 411 2724 2672 3289 2082 4468 4467 3122 4142 4141 4140 2709 2708 4154 2206 4137 415 3348 415 4137 2206 2202 3123 3127 333 3127 3280 25 24 25 3280 3127 3123 2202 2197 2201 576 2706 3347 4524 2704 4554 2705 3529 4538 3529 2707 3530 4163 4543 4544 4552 1682 2075 4299 4157 3528 3057 2713 4158 2706 3347 4524 4559 4162 2701 3225 3219 3225 2698 4527 4504 2697 2188 4533 1061 1060 1058 4532 4531 4532 1058 1055 1056 1057 2073 2699 2696 367 2696 2699 2073 2077 2078 2079 1194 2344 1070 2344 1194 2079 2078 2077 2076 2770 355 357 97 357 355 2770 2076 1709 1707 2074 561 2074 1707 1709 2076 2077 2073 1066 3531 375 374 4530 2188 2697 4504 4526 4525 3216 2185 4508 2182 2180 4536 2180 2178 2173 2170 2167 2172 2179 2172 2167 2170 2173 2178 2180 2182 4508 2185 3216 4525 4526 4504 2697 4150 2819 3330 3454 4545 3327 4591 920 3506 2520 3510 919 2521 3512 891 372 2522 2325 3509 4230 3500 4230 433 2822 106 2822 433 4230 2855 2854 2267 2266 3508 2270 2269 450 2767 2764 2767 450 2269 2270 3507 3050 114 4262 114 3050 1167 4592 657 2758 4593 3487 2759 816 811 812 813 814 816 2759 3487 4593 2758 3429 3428 3051 3052 654 3052 3053 3486 3054 4253 3055 311 3055 4253 4252 4248 3478 3011 3010 2805 2299 2528 2299 3185 3184 3183 3186 3187 3186 3183 3184 3185 3431 2859 3204 2860 3199 2860 2562 2860 3204 2859 2577 2583 3206 3203 3206 2583 2577 2859 3431 3185 2299 2801 4286 725 1851 3008 3468 3007 1547 3007 3468 3008 1851 1558 2285 2286 2584 2286 1789 2558 461 2945 711 1518 4395 1518 96 3726 1509 2482 1510 1508 2161 1522 1516 1541 1855 1527 3704 1527 1855 1853 2944 1609 1543 1852 1526 1540 1526 1852 1543 1529 2943 1473 2550 2942 2620 1564 2612 2608 1562 3167 1562 2608 2612 1564 2620 2942 2941 2551 2941 1571 629 2624 795 797 723 793 2297 3152 2358 2630 2358 2485 2486 2487 2486 2485 2358 3152 2297 2470 2357 1569 2629 3317 2940 3664 2638 3318 3320 3674 3672 3670 3668 3667 3668 3670 3672 3674 3320 791 2469 2939 2365 2378 2377 2379 2290 798 1795 798 1579 2403 3171 802 2406 1566 2404 2405 2409 2405 2404 1566 2399 3635 3150 3149 3148 3618 3147 3617 1642 1643 82 1643 1644 3614 3324 3614 2051 674 676 805 804 805 801 3175 3176 1577 2375 2376 2368 2386 2368 2362 2360 2384 2359 2367 706 2367 2359 2384 2360 2362 3701 1570 3702 443 444 1575 444 442 3702 1570 94 1570 3702 442 444 1575 2647 2648 2653 2394 1573 2642 2636 2633 3151 2628 2356 2353 824 1480 2354 3160 3161 724 3161 3160 2354 1480 824 2353 2488 2490 2492 2617 2594 2593 2614 2593 2594 2617 2492 2490 2488 2487 2486 2485 2358 3152 2297 2296 2295 2302 2294 2302 4453 3715 3714 3715 643 3716 1656 1657 646 1559 646 1657 3713 3708 3710 1557 3177 1542 712 1531 2618 2482 1509 3726 96 1518 711 2945 461 2558 2552 2574 2575 497 818 463 2567 2578 2553 2573 3721 2579 2589 2579 3721 2573 2553 2578 2567 2588 2587 3192 1786 1784 2576 3196 1783 3197 455 3198 496 3199 2860 3204 2859 2577 2583 3206 2559 2563 2555 2582 2571 775 1545 812 811 816 2759 3487 4593 2758 3429 4597 2529 113 2763 2532 2766 2533 2531 4257 4260 4258 4260 4261 4255 4262 114 3050 3507 2270 3508 2266 2267 2854 2855 4230 4460 4461 3210 3209 477 2164 2163 2691 3222 3455 2692 2693 4404 4405 4404 2693 2692 3455 3222 2691 2163 2164 477 3209 3210 4461 4460 4230 3509 2325 2522 372 891 3512 2521 919 3510 2520 3506 920 4591 3327 4454 3309 3329 4455 3310 2856 482 480 2069 375 3531 1066 2073 2077 2076 2770 355 357 97 3351 467 2772 273 3443 3444 1954 1978 1966 1979 2775 254 3437 472 211 207 2777 195 4420 2779 3445 192 1305 186 189 1303 1301 2781 736 760 4311 2864 184 738 737
4709 1623 4695 2430 4365 1631 4696 2429 1636 1637 2401 4700 1622 4701 2567 2563 2557 3955 3770 3775 2553 2545 3065 391 2609 2589 4038 809 4165 4 3337 4921 1456 3566 1306 4029 4030 1444 3410 1302 3624 3820 3933 3819 3818 3971 1383 1385 4867 1937 1386 4047 2259 1908 4190 72 4188 3134 3360 782 2527 1122 703 31 2018 141 2023 2119 1450 1285 74 886 3587 4917 1314 4121 1943 3714 4081 611 2279 2281 3962 3596 3594 1417 1419 2519 2523 4969 2010 1468 3459 3998 3087 556 554 873 1608 1609 4150 4003 3919 3443 2464 1685 1604 3990 3556 4339 4213 3681 1129 1995 1490 1492 1177 1984 799 175 3570 1506 1510 1232 167 150 153 185 181 194 1534 1236 898 1536 1540 1544 2237 2696 926 4328 1554 947 1968 2661 1952 1957 1965 3659 4332 1990 1259 4065 2215 3664 1973 1213 4230 2733 4204 172 2731 2180 3198 3196 1398 3 6 7 8 9 16 32 33 34 35 36 37 38 39 45 55 61 62 63 75 78 80 81 82 83 84 85 86 87 88 91 94 95 142 151 152 154 160 161 163 164 174 176 177 178 179 186 206 215 309 315 350 452 453 458 544 546 548 553 555 557 558 559 560 570 571 573 574 649 650 651 691 696 697 700 701 702 713 757 758 759 797 800 801 802 804 820 821 823 824 857 858 859 885 890 891 892 897 899 900 901 902 903 904 905 906 907 910 911 912 913 914 915 920 924 929 1035 1078 1079 1080 1123 1124 1125 1130 1131 1132 1133 1134 1135 1136 1179 1199 1278 1284 1293 1294 1301 1303 1312 1317 1322 1325 1348 1349 1350 1352 1375 1376 1377 1384 1390 1391 1397 1416 1418 1420 1438 1439 1443 1445 1446 1452 1454 1459 1462 1463 1464 1466 1474 1475 1477 1478 1479 1480 1481 1483 1485 1486 1487 1489 1491 1493 1495 1496 1497 1498 1499 1500 1501 1502 1507 1508 1509 1512 1513 1514 1515 1516 1517 1519 1520 1521 1522 1523 1524 1525 1526 1528 1529 1531 1532 1533 1535 1537 1538 1539 1541 1542 1543 1545 1546 1547 1550 1551 1552 1553 1595 1596 1606 1607 1611 1612 1617 1618 1619 1620 1621 1624 1625 1626 1632 1633 1634 1635 1800 1839 1900 1901 1903 1904 1905 1907 1910 1926 1944 1945 1954 1956 1962 1963 1964 1967 1972 1977 1994 1998 1999 2005 2006 2007 2020 2109 2114 2122 2148 2156 2157 2159 2172 2174 2181 2182 2184 2185 2186 2193 2195 2196 2197 2198 2199 2212 2213 2214 2216 2217 2219 2220 2221 2222 2223 2226 2236 2238 2242 2262 2264 2268 2280 2420 2421 2472 2473 2474 2484 2485 2490 2491 2492 2493 2509 2510 2513 2537 2540 2542 2544 2546 2549 2550 2566 2570 2585 2586 2587 2588 2590 2591 2593 2594 2595 2599 2600 2602 2729 2730 2735 3074 3174 3188 3190 3191 3195 3344 3346 3350 3359 3379 3394 3396 3452 3457 3460 3461 3472 3473 3474 3475 3483 3484 3514 3557 3558 3560 3563 3599 3602 3660 3679 3680 3713 3715 3768 3769 3821 3822 3824 3825 3830 3851 3931 3961 3989 3997 4025 4026 4039 4045 4048 4049 4050 4064 4071 4078 4097 4139 4178 4192 4200 4266 4340 4341 4423 4424 4430 4431 4506 4511 4514 4515 4518 4519 4573 4838 4866 4868 4869 4909 4925 4930 4941 4942 4943 4970 4974 4975
842
737 738 184 2864 4311 760 736 2781 1301 1303 189 186 1305 192 3445 2779 4420 671 4420 2779 197 1296 187 1293 1294 1293 187 1296 197 2779 4420 195 2777 207 211 210 209 210 211 472 3437 254 2775 1979 1944 1936 1970 1934 4268 586 2776 557 2776 586 4268 1934 1935 1958 1945 1976 1947 1321 35 1318 1980 1974 1960 1964 1348 34 1932 484 1929 1345 1346 1345 1929 1925 1914 32 1908 279 1908 32 1914 1925 1889 1933 1955 1943 1951 1949 4118 155 485 155 4118 159 158 159 4118 1949 1951 1943 1955 1933 1889 1904 1910 1335 1890 1337 1926 1899 41 43 4129 43 41 1899 67 66 65 66 67 1928 69 1894 1884 1924 1921 1961 1885 3133 1915 1912 4148 230 231 3331 1722 4475 2513 4464 2510 2519 4280 399 2679 4580 3143 2728 3062 263 4388 2730 4478 3343 4389 4392 4387 261 2321 526 524 526 2321 4386 4390 4391 4388 2730 4478 3343 4389 4479 2087 2088 928 929 2732 2733 2737 4371 862 886 2090 626 2090 4370 2972 2973 2971 3064 3548 624 3141 4369 623 4369 3141 624 626 2090 4370 2972 620 619 620 2972 2973 2971 3064 2264 3073 4565 2332 2330 2332 4565 622 618 616 614 613 612 1815 3065 864 3066 3067 611 610 611 2263 3277 864 3066 4409 4408 4451 4450 4212 4450 4451 4408 4409 3066 3067 611 2263 3277 864 12 424 857 3492 4233 1811 1812 1813 431 1813 1812 1811 4233 3492 857 424 2821 4232 3065 1815 612 614 616 618 622 4565 3073 2264 4227 883 4132 2331 2333 2336 429 880 873 1878 1882 3302 1881 4490 3306 4489 3306 4490 4491 1123 1122 1123 4491 861 3316 3332 2680 4228 2260 2258 2973 2971 3064 3548 624 3141 4369 4200 3240 3239 2214 3239 3240 3234 869 4195 505 503 4196 508 506 508 4196 4446 4199 3536 4447 2212 2213 541 2524 541 2213 2212 2211 2210 326 2207 2203 2208 819 540 4599 4600 719 2194 3538 2190 2191 2195 2211 2212 4447 3536 4199 4446 4196 503 505 4195 869 3234 3240 4200 4377 4378 4377 4380 2718 4201 3142 526 2321 4386 4390 4391 4388 2730 4478 3343 4389 4479 2087 2089 4372 870 489 856 866 876 1081 491 1082 1081 876 863 4121 4122 2756 4502 2756 4122 4121 863 876 866 877 487 871 872 2016 2014 885 2322 874 4481 544 4476 2283 1052 1942 4582 1683 3131 1941 1939 3331 1722 4475 2513 4464 2510 2519 4465 4466 3060 4472 4471 4469 4471 4472 3060 411 2724 2672 3289 2082 4468 4467 3122 4142 2081 4211 2714 3339 2712 4143 2712 3339 514 3339 2714 4211 2081 2080 4140 2709 2708 4154 2206 2202 2197 2072 3284 4463 3284 2072 2197 2202 3123 3127 3280 25 3279 25 3280 3127 3123 2202 2197 2201 576 2706 3347 4524 4559 4521 2702 2700 2697 4150 4151 4150 2819 3330 3454 4545 4454 3309 3329 4455 3310 2856 482 480 2069 4530 374 478 374 4530 2188 2697 4504 4526 4525 3216 2185 4522 2185 4508 2182 2180 2178 2173 2170 2167 4510 2165 2166 2168 2166 4514 4513 4514 2166 2165 4510 2167 2172 2175 2172 2167 2170 2173 2178 2180 2182 4508 2185 3216 4525 4526 4504 2697 4150 2819 3330 3454 4545 3327 4591 920 3506 2520 3510 919 2521 3512 891 372 2522 2325 3509 4230 4460 4461 3210 3208 3210 3209 477 2164 2163 2691 3222 3455 2692 2693 4404 4401 4404 2693 2692 3455 3222 2691 2163 2164 477 3209 3210 4461 4460 4230 3509 2325 2522 372 891 3512 2521 919 3510 2520 3506 920 4591 3327 4454 3309 3329 4455 3310 2856 482 480 2069 4530 2188 4533 1061 2192 1063 4557 2704 4552 1682 2075 4299 4157 3528 3057 3058 4303 3349 4302 598 3059 2082 3289 2672 2724 411 3060 4466 4465 2519 4280 399 2679 384 3061 3062 263 4388 2730 4478 3343 4389 4479 2087 2088 928 929 3107 932 934 3063 422 886 2090 4370 2972 2973 2971 3064 2264 3073 4565 622 618 616 614 612 1815 3065 864 3066 3067 2703 2071 3068 3474 4397 3475 3476 4484 3477 2537 2536 2537 3477 4484 3476 2538 3476 3475 4397 3474 3068 3233 3071 3072 3237 3364 852 2214 3239 3240 4200 4369 3141 624 626 627 625 3106 2731 4392 4387 4390 4391 262 2728 3062 3061 384 2679 399 4280 2519 4465 4466 3060 411 2724 2672 3289 2082 3059 2511 605 3352 4305 4306 3543 3541 3542 3547 603 1903 4307 4308 1888 4155 1919 4309 1963 1916 1913 1922 1906 2342 2875 2863 1965 4277 4289 4276 1952 37 3444 1954 1978 1966 1979 2775 254 3437 472 211 207 2777 195 4420 2779 3445 192 1305 186 189 1303 1301 2781 736 760 4311 2864 184 738 737
2561 2559 4224 1658 4703 3776 438 1616 4742 3847 3844 414 412 3734 3735 3052 3631 3508 4124 1316 1387 1432 4189 1939 4183 4181 3489 4185 4186 755 4184 3132 213 884 2100 4571 2118 4112 648 1121 695 699 668 3331 1415 4105 1382 3227 3404 1324 1424 4119 3391 3597 3076 3458 3441 693 3428 4084 2008 3357 4275 3491 5 11 12 41 42 44 46 47 48 49 50 51 52 53 57 59 73 76 77 79 90 92 93 214 216 337 338 339 355 356 359 360 361 363 364 365 366 368 369 413 415 419 420 421 425 426 427 432 433 434 436 437 440 547 612 613 614 634 639 640 644 645 646 647 652 653 654 655 656 657 658 659 660 669 670 671 698 715 748 754 818 822 825 1138 1139 1140 1287 1295 1305 1308 1309 1310 1311 1313 1315 1318 1320 1321 1326 1327 1328 1329 1331 1332 1334 1335 1336 1337 1338 1339 1342 1344 1345 1346 1347 1351 1353 1354 1355 1356 1357 1358 1359 1360 1361 1362 1379 1380 1381 1389 1393 1394 1395 1396 1414 1421 1467 1471 1472 1613 1657 1660 1801 1803 1804 1925 1940 1941 1942 2027 2068 2111 2112 2117 2246 2247 2249 2256 2261 2263 2487 2488 2489 2504 2505 2526 2531 2535 2536 2538 2539 2541 2543 2547 2551 2552 2554 2555 2556 2558 2560 2562 2564 2565 2568 2569 2571 2592 2601 2603 2604 2605 2606 2607 2608 2610 3063 3128 3135 3229 3231 3233 3334 3335 3336 3338 3341 3342 3343 3348 3349 3351 3383 3386 3389 3390 3395 3397 3399 3401 3402 3403 3442 3448 3449 3450 3485 3555 3564 3632 3722 3723 3724 3733 3828 3829 3831 3846 3848 4080 4191 4277 4429 4508 4512 4539 4740 4862 4864 4865 4913 4914 4918 4965 4966 4967 4968 4971 4972 4973 4976 4977
2085
737 738 184 2864 4311 760 736 2781 1301 1303 189 186 1305 192 3445 2779 4420 195 2777 207 211 472 3437 254 2775 1979 1966 1978 1966 1979 2775 2774 4429 2774 100 4428 100 2774 2775 1979 1944 1936 1970 1934 1935 1958 1945 1976 1947 1321 35 1318 1980 1974 1960 1964 1348 34 1932 1347 1932 484 1929 1925 1889 1933 1889 1925 1914 32 1908 1911 278 1340 278 1911 276 516 276 1930 1937 1930 276 1911 1908 32 1914 1925 1889 1904 1910 1335 1890 1337 1926 4128 1926 1899 67 1928 69 68 69 1894 593 1894 1884 564 1924 1921 1961 1885 3133 1915 1912 4148 230 231 230 4148 4147 282 1939 282 4598 519 520 519 281 1719 1506 2861 1720 228 1895 1637 3353 4231 4574 4573 4305 4306 398 4306 3543 3541 3542 3544 3545 3546 4574 4573 4304 3352 605 2511 3059 598 3059 2082 3289 2672 2676 2678 2724 411 3060 4466 4465 2519 4280 4279 4278 4279 4280 399 2679 384 3061 3062 263 4388 2730 4478 3343 4389 4479 260 4479 2087 2088 2731 936 417 419 417 936 2731 2088 928 929 3107 3106 3103 3104 3105 421 3105 627 422 886 2090 4370 2972 2973 2971 3064 3548 4370 2972 2973 2971 3064 2264 3073 4565 622 618 616 614 612 1815 3065 864 12 864 3066 4409 4408 4451 4450 4451 4408 4409 3066 3067 2703 2071 2274 2071 3068 3474 3069 23 21 3070 2198 2205 3344 4198 4199 4446 4196 503 504 505 503 4196 4446 2525 4448 2524 541 2213 2212 2211 2210 326 325 327 325 326 2210 2208 819 540 4599 4190 3228 3227 719 2194 3538 2190 3278 2190 3538 2194 719 4600 4599 540 819 2196 4194 4197 4198 3344 4195 869 4385 851 3230 3235 3230 851 852 3364 4445 3364 852 2214 3239 3240 3234 3232 3234 3240 4200 4377 4380 2718 4201 3142 526 3142 4201 510 3322 3321 3322 510 4201 3142 526 2321 4386 4390 4391 4388 2730 874 3130 874 4481 544 4476 2283 1052 4301 1985 539 537 539 1985 2687 1957 3137 265 3137 1967 4165 393 4583 1999 2219 349 351 2020 348 2221 2220 347 345 346 345 347 2220 2218 1079 4171 853 881 853 4172 3336 884 863 876 866 856 489 870 931 2748 2744 2748 850 3134 848 3134 850 2748 931 870 489 856 866 877 487 871 872 2016 2014 885 2322 874 4481 544 4476 2283 1052 4301 1985 539 1986 1983 4169 3337 4169 4170 1931 1961 1921 1924 1920 1891 1917 555 1900 3124 1905 553 1898 1909 1923 3360 414 4161 414 3360 1923 1907 1886 4308 1888 4155 1919 4309 1963 1916 1913 1922 1906 4270 4271 4270 2343 1070 2344 1194 2079 2078 2077 2076 1709 1708 1709 2076 2077 2073 1066 3531 375 374 4530 2188 2697 4504 4526 4504 4527 2698 3225 2701 4162 3223 4162 2701 3218 1199 3218 2701 2702 2192 1063 4557 4558 2704 4524 2704 4552 1682 2075 2706 3347 4529 4528 591 4528 4529 3347 4524 2704 4552 1682 2075 2706 576 2201 2197 2072 3284 2072 2197 2202 2206 4154 1197 1198 1197 549 1197 4154 2708 2709 4140 2080 390 494 390 2080 2081 4211 3340 3341 4146 3341 3340 4211 2081 4142 3122 4467 4468 2082 3289 2672 2676 2677 893 2677 2676 2672 2724 411 3060 4466 4465 2519 4280 399 2679 4580 2675 2673 2318 2323 1631 2668 3279 25 3280 3127 3123 2202 2197 2201 576 2706 3347 4524 4559 4521 2702 2700 2697 4150 2819 3330 3454 4456 3328 4456 3454 4545 4454 3309 3329 4455 3310 3308 3330 3454 4545 3327 4591 920 3506 2520 3510 919 918 919 2521 3512 891 372 2522 2325 4523 2325 2522 2512 2522 372 891 3512 2521 919 3510 2520 3506 920 4591 3327 4454 3309 3329 4455 3310 2856 777 3525 3526 1635 3526 3534 4164 2695 108 916 107 1685 1686 366 365 105 2694 108 2695 609 4551 3288 606 4596 4595 2529 113 3456 4254 4255 4261 4260 4257 2531 2533 2766 2532 2763 113 2529 3428 3051 3052 3053 3486 3054 4253 3055 742 718 311 312 311 3055 4253 4252 4248 3478 3011 3010 2805 2299 3185 3184 3189 650 3189 3187 3186 3183 651 3182 3180 3181 3182 651 3183 3184 3185 3431 2859 2577 655 2577 2583 3206 2559 2563 2555 2582 2571 2582 2555 2563 2559 3206 2583 2577 2859 3204 2860 3199 496 3198 455 3197 1783 1782 1783 3196 2576 1784 1786 3192 2587 2588 464 2588 2567 463 818 497 2575 498 2575 2574 2554 2584 2568 458 2568 2584 2286 1789 2558 461 2945 711 708 711 1518 4395 4394 2623 825 2623 4394 4395 1518 96 3726 1509 2482 1510 1508 1528 3718 1528 1513 2161 1522 1530 1522 1516 1541 1854 1853 1511 1853 2944 1609 1543 1529 2943 1473 635 1474 635 2848 2549 1562 2608 2612 1564 1561 1479 1561 1564 2620 2942 2941 1571 629 2624 795 796 797 723 793 794 3152 2358 2485 3158 728 3158 729 2604 2355 2357 2355 2628 3151 3155 3153 3155 3151 2633 2636 2634 2636 2633 721 2633 2636 2642 1573 2394 2653 2648 2653 3701 2362 2368 2376 2368 2386 440 441 440 2386 2368 2362 2360 2384 2383 2384 2360 2362 3701 1570 234 233 689 803 807 2390 2392 445 3613 447 3613 678 1568 1577 2375 3246 2371 2374 690 3639 3241 802 2406 2410 3242 3243 3242 2410 2406 802 3171 3624 3626 1574 3628 3630 3631 2398 1798 1800 2397 3148 3618 1641 3618 3147 3169 3609 2430 2646 2431 2432 2433 1636 2433 2432 2431 2646 2430 2938 2651 3612 2651 3619 2652 2643 3146 2645 734 735 3516 3595 3594 3593 3594 3595 3516 735 3584 3597 3517 3598 3517 733 3599 3096 4568 3095 438 3552 3553 3094 1742 3093 3554 3555 1747 3556 1750 1751 1750 3557 1736 1737 1736 1126 3558 1752 3427 1756 1757 2271 3426 1726 1725 1726 3426 4566 3097 2481 3560 3439 2937 4326 1761 1760 1761 1159 3100 4328 4330 4332 4334 1763 4219 2273 2272 4346 4347 4346 4218 4349 4350 4349 1768 4217 1770 1771 4216 4351 1724 4351 4216 1771 1770 4217 1768 4349 4218 4346 2272 2273 4219 1763 4334 4332 4330 4328 3100 1159 1761 4326 2937 3101 3115 2797 2799 3048 2799 2796 3562 3561 3562 2796 2799 2797 3115 3101 2937 3439 3560 2481 3097 4566 3426 1726 3425 2418 2419 2475 1488 3042 3043 1487 1163 1803 1805 1807 1162 1485 1165 3044 3575 2474 3574 1779 3581 2473 3580 2472 2471 1153 2658 2664 3579 2660 1777 89 1777 2660 2663 2662 2657 2656 2657 88 1730 1732 87 1732 1730 88 2657 2656 1729 2656 2657 2662 2663 2660 2654 3579 2664 2658 1153 2471 2472 3580 1776 3580 2473 3581 3574 2474 3575 3044 1165 1485 1162 1807 1805 1803 1163 1487 3043 2395 3043 3042 1488 2475 2420 2421 2422 3573 1802 91 90 91 1802 3573 2422 2421 2420 2419 2418 3425 1726 3426 2271 1757 1659 1757 1756 3427 1752 3558 1752 3427 1756 1757 2271 3426 4566 3097 2481 3560 3439 1774 3439 2937 4326 1761 1159 3100 4328 4330 4332 4334 1763 4219 2273 4340 1765 4340 4341 4340 2273 2272 4346 4218 4349 1768 4217 1769 4217 1768 4349 4218 4346 2272 2273 4219 1763 4334 4332 4330 4328 3100 1159 1761 4326 2937 3101 3115 2797 2799 2796 2799 2797 3115 3101 2937 3439 3560 2481 3097 4566 3426 2271 1757 1756 3427 1752 3558 1126 1736 3557 1750 3556 1747 3555 3554 3093 1742 3094 3553 3552 438 437 438 3095 4568 3096 3599 733 732 733 3517 3597 3584 735 3516 3595 3596 3592 3590 3588 3586 3588 3515 2291 1653 2544 3657 2545 2543 3648 3647 3645 3646 3655 3654 3652 3653 3654 3655 3646 3645 3643 3641 3640 3641 3642 3514 3648 2543 2289 727 2290 2379 2381 2939 2469 821 2469 791 3320 3674 3672 3670 3668 3670 3672 3674 3320 791 2469 2939 2365 2364 2363 2366 2367 2359 2384 2360 2362 2368 2386 2385 2387 2385 2386 2368 2376 2375 1577 3176 3175 801 805 676 674 2051 3614 3324 84 3615 83 3616 1576 3576 3577 2665 2050 2548 3098 2548 3622 2429 3603 3612 2651 2938 3114 3610 3633 2397 1800 1798 2398 3631 3630 3628 1574 3626 3624 3171 2403 1579 798 2290 2379 2381 2939 2469 791 3320 3318 2638 3664 2940 3317 2629 1569 2357 2355 2628 2356 2353 2488 2489 2493 2616 2493 2597 2495 2496 731 810 2495 2597 2493 2489 2488 2490 2492 631 2492 2490 2488 2487 2486 2485 2358 3152 2297 2296 2295 2302 2294 3694 3688 2293 3683 3684 683 2292 3678 2293 3688 3694 2294 2302 4453 3715 643 1550 1850 3177 1542 712 1531 2618 2482 1509 3726 96 1518 711 2945 2601 2945 461 2558 2552 3723 453 2586 453 3723 2552 2558 461 2945 711 1518 96 3726 1509 2482 2618 2944 1609 1543 1529 2943 1473 2550 2942 2941 1571 629 2624 795 797 723 793 2297 2470 2357 1569 721 2633 2636 2642 1573 2359 2384 2360 2362 2368 2376 2375 1577 3176 3175 801 805 676 674 2051 2052 2476 3728 2477 3727 3728 2476 2052 2051 3149 3148 3618 3147 3169 3609 3610 3114 2938 2651 3612 3603 2429 3622 2548 2050 3571 3572 2428 783 2427 2426 2425 2424 2423 2422 2421 2420 2475 1488 3042 3043 1487 1163 1803 1805 1807 1162 1485 1165 3044 3575 2474 3045 3046 3578 1810 1808 1810 3578 3046 3118 3046 3045 2474 3575 3044 1165 1485 1162 1807 1805 1803 1163 1487 3043 3042 1488 2475 2419 2418 3425 1726 3426 4566 3097 2481 3560 3439 2937 3101 3582 3101 2937 3439 1774 1773 1774 3439 2937 4326 1761 1159 3100 4328 4330 4332 4334 1763 4219 2273 4340 1765 4342 4337 4338 4345 4338 4337 4342 1765 4340 2273 2272 4346 4218 4349 1768 4349 4218 4346 2272 2273 4219 1763 4334 4332 4330 4328 3100 1159 1761 4326 2937 3439 3560 2481 3097 4566 3426 2271 1757 1756 3427 1752 3558 1126 1736 3557 1750 3556 1747 3555 3554 3093 1742 3094 3553 3552 1738 1739 1738 3552 3553 3094 1742 3093 3554 3555 1747 3556 1750 3557 1736 1126 3558 1752 3427 1756 1757 2271 3426 4566 3097 2481 3560 3439 2937 3101 3115 2797 3047 3048 2799 2796 3562 2798 3562 2796 2799 2797 3115 3101 2937 3439 3560 2481 3097 4566 3426 1726 3425 2418 2419 2475 1488 3042 3043 1487 1163 1803 1163 1487 1162 1485 1165 3044 3575 2474 3574 3581 2473 3580 2472 2471 1153 1154 2661 1154 2658 2664 2663 2662 2657 88 1730 1732 1733 1732 1730 88 2657 2662 2663 2664 2658 1153 2471 2472 3580 2473 3581 3574 2474 3045 3573 2422 2423 2424 2425 2426 2427 783 782 783 2428 3572 3571 2050 2548 3622 2429 3603 3612 3611 2430 3609 3608 3606 1648 1647 1645 1647 1648 3606 3608 3609 3610 3114 691 2652 2643 3146 2645 734 735 3516 3595 3596 3592 3590 3588 3515 2291 1653 2544 3657 3656 3657 2545 2543 3648 2543 2288 642 652 642 3655 3646 4292 4291 3513 4295 4294 4295 3513 4291 3640 3641 3642 3514 3648 2543 2289 727 2290 2379 2381 2939 2469 791 3320 3318 2638 3664 2940 3317 2629 1569 2357 2470 2297 793 723 797 795 2624 629 1571 2941 2942 2550 1473 2943 1529 1543 1609 2944 2618 2482 1509 3726 96 1518 711 2945 461 2558 1789 2286 2584 2568 1788 3192 1786 1784 2576 3196 1783 3197 455 3198 496 3199 2860 3204 2859 2577 2583 3206 2559 2563 2555 2582 2571 775 1545 812 811 816 2759 3487 4593 2758 3429 4597 2760 2757 3288 3326 3329 4455 3310 2856 482 480 2069 375 3531 1066 2073 2077 2076 2770 355 357 97 3351 467 2772 273 3443 3444 1954 1978 1966 1979 2775 254 3437 472 211 207 2777 195 4420 2779 3445 192 1305 186 189 1303 1301 2781 736 760 4311 2864 184 738 737
2548 4088 1605 431 430 423 422 4743 416 3849 3842 3841 451 3049 362 3634 4170 3726 3605 357 353 3788 3565 4372 4040 2506 1323 1298 1441 3211 3398 4915 4051 1906 1319 1909 1805 1802 819 3583 3129 3131 4193 1279 4110 3382 3937 2019 4274 2024 143 2258 2026 54 2239 4912 58 4135 1933 3521 3975 3622 2494 722 1392 4870 4367 2251 3085 2534 1876 3208 4994 572 3451 3439 675 3481 4509 3453 545 2073 4633 3077 4108 2266 1300 849 2108 3447 2113 1340 4412 855 1114 2077 4980 3562 3197 4285 3918 803 4211 1993 1997 1188 1484 1482 5047 4079 4077 4098 1505 2190 1511 4261 4347 158 2227 168 147 4830 311 183 1527 4327 4326 4281 1028 1969 1245 2224 2218 1991 4062 933 4068 2200 2160 2029 1555 1564 4842 952 4920 1570 1252 2631 2623 2374 5025 5014 5007 5031 768 3305 3307 5005 1 1663 2503 3492 996 1000 1001 4607 3650 1264 3649 5009 1266 2621 5041 945 987 3651 1590 5029 4578 3286 770 3296 3301 5036 1664 4060 2366 2481 4294 2483 2636 2625 2680 2681 2675 1159 4345 2235 934 2194 1275 1276 1155 1085 1094 2158 2708 1222 1196 1010 5071 1917 2653 1017 5039 3304 764 4580 2376 2370 5016 2380 5006 993 4845 1260 3647 5011 1272 4318 1577 1258 4926 2635 2690 2478 1157 4209 3222 0 2 40 43 56 159 184 203 204 205 305 306 307 351 352 354 367 370 371 374 376 377 380 381 382 383 384 385 386 397 400 401 424 429 435 439 454 543 609 610 672 673 674 676 704 705 714 760 761 762 763 765 766 767 769 771 772 773 774 775 776 777 778 779 789 790 791 792 793 794 795 850 851 852 872 894 895 896 908 916 917 918 919 937 950 951 953 954 988 989 990 991 992 994 995 997 998 999 1002 1003 1004 1006 1007 1015 1016 1018 1020 1021 1022 1023 1024 1025 1026 1027 1029 1030 1034 1036 1037 1088 1089 1090 1119 1120 1142 1143 1144 1145 1154 1158 1160 1172 1180 1181 1197 1198 1230 1231 1253 1254 1256 1261 1262 1265 1267 1269 1270 1271 1273 1274 1277 1296 1299 1366 1399 1407 1408 1470 1473 1503 1504 1518 1548 1549 1556 1557 1559 1560 1561 1562 1563 1565 1566 1567 1568 1569 1571 1572 1573 1575 1576 1578 1579 1580 1581 1582 1583 1584 1585 1586 1587 1588 1589 1591 1592 1593 1594 1597 1665 1895 1896 1898 1902 1916 1920 1950 1951 1958 1959 1960 1989 1992 2000 2001 2002 2003 2032 2033 2075 2076 2079 2080 2081 2082 2107 2110 2115 2143 2145 2146 2147 2151 2152 2161 2171 2175 2201 2202 2203 2204 2205 2206 2207 2208 2209 2210 2211 2225 2232 2243 2245 2250 2253 2254 2257 2367 2368 2369 2371 2372 2373 2375 2377 2381 2475 2477 2479 2480 2482 2514 2597 2598 2630 2632 2633 2634 2637 2645 2646 2647 2648 2650 2651 2671 2672 2673 2674 2676 2677 2678 2679 2684 2685 2700 3078 3083 3084 3094 3184 3192 3210 3230 3295 3297 3298 3299 3339 3400 3455 3482 3493 3561 3567 3648 3652 3653 3656 3657 3658 3661 3668 3669 3672 3674 3682 3684 3720 3721 3845 3934 3938 3974 3976 3979 3992 4111 4231 4233 4248 4252 4265 4278 4280 4296 4319 4323 4324 4414 4415 4507 4536 4538 4575 4576 4577 4579 4581 4582 4583 4603 4859 4861 4863 4927 4933 4934 4935 4937 4938 4978 5004 5015 5042 5043 5044 5066 5067 5073
27
737 738 248 246 2091 2092 4109 2231 4108 4107 173 4107 2093 2094 2096 2098 2096 2097 4115 2095 3438 2095 176 2091 246 248 738 737
3747 535 2579 605 2410 2578 3837 3838 4945
1444
737 738 184 2864 4311 760 736 2781 1301 1303 189 186 1305 192 3445 2779 4420 195 2777 207 211 472 3437 254 2775 1979 1966 1978 1954 3444 37 1952 4276 4289 4277 1047 1953 1047 4277 4289 4276 1952 37 3444 3443 273 2772 467 3351 97 357 355 2770 2076 1709 1707 2074 1703 1705 3442 1697 1701 103 102 358 822 358 102 103 1701 1697 3442 2070 4267 661 2068 666 2068 661 4267 4266 664 659 664 4266 4267 2070 3442 1705 1703 2074 1707 1709 2076 2077 2073 1066 3531 375 374 4530 2188 2697 4504 4526 4525 3216 2185 4508 2182 2180 4536 889 2184 2186 4462 2181 2176 4518 4133 4516 3221 4514 2166 2165 3139 3217 3215 3217 3139 2165 4510 2167 2170 2173 2178 2180 2182 4508 2185 3216 4525 4526 4504 2697 4150 2819 3330 3454 4545 4454 3309 606 4596 4595 2529 3428 3051 3052 3053 363 3478 3011 3010 2805 2299 2801 4286 725 1556 725 1851 3008 3468 3007 715 3007 745 2800 2803 4400 2803 2801 4286 725 1851 1558 2287 697 3725 3005 3003 703 701 3002 701 702 703 3003 3005 712 1542 1549 1533 1546 1548 1557 3710 3708 3713 3712 3713 1657 646 1559 644 647 1041 1560 1656 3716 643 3715 4453 2302 2294 3694 3688 2293 3681 3680 2542 3679 2542 3680 3681 2293 3678 3677 3678 2293 3688 3694 3691 3689 3693 3690 3689 3691 3694 3688 3685 3686 3687 3686 3685 3688 3694 2294 2302 2295 2296 2297 3152 2358 2485 2486 2487 2488 2489 2493 2597 2495 2597 2493 2489 2488 2490 2492 2617 2594 2593 2598 2498 2497 2490 2488 2353 824 1480 2354 3160 3161 3699 3161 3160 2354 1480 824 2353 2488 2487 2486 2485 2358 3152 794 793 723 797 795 2624 629 1571 2941 2551 632 2551 2941 1571 629 2624 795 797 723 793 2297 2470 2357 1569 2629 3317 2940 3664 2638 3318 3320 3674 3672 3670 3668 3666 3662 3666 3668 3670 3672 3674 3320 791 2469 2939 2381 2379 2290 727 726 727 2289 2543 2288 642 3655 3654 3655 642 2288 2543 2545 3657 2544 2289 727 2290 798 1579 2369 1572 3675 2374 2371 3246 2375 1577 3176 3175 801 805 676 674 2051 3614 3324 84 3615 83 3616 1576 3108 3113 3563 86 3564 3565 1494 3566 3567 1496 3567 3568 2807 3568 3567 3568 2807 3111 4225 4222 2428 3572 3571 2050 2548 3622 2429 2546 2429 3603 3602 3600 3601 2463 2464 2463 2431 2646 2430 3609 3608 3604 3608 3609 3610 3633 2397 1800 1798 2398 3631 3630 3628 1574 1566 2406 802 3241 3639 690 2374 2371 3246 2375 1482 2375 2376 2368 2362 2360 2384 2359 2367 2366 2363 2364 2365 2378 2365 2364 705 2635 2640 2642 2636 2633 721 720 721 2633 3151 2628 2356 2353 824 1480 1481 1480 824 2353 2488 2489 2494 2489 2488 2487 2486 3159 2486 2485 2627 2625 2627 2632 2627 2485 2358 3152 794 793 723 797 795 2624 629 1571 2626 1571 2941 2942 2620 1564 2612 2608 1562 2549 2595 2549 1562 2608 2602 2608 1562 2549 2603 2550 1473 2943 1529 1543 1609 2944 1853 1855 2605 1794 2613 1794 2605 1855 1541 1516 1522 2161 1513 1528 3718 3719 3718 1535 3718 1528 1508 2161 1522 1516 1541 1854 2618 1531 770 1531 712 1542 1549 1555 1544 1552 1544 1555 1549 1533 1546 1548 1557 3710 3709 640 638 640 3709 3710 3708 3713 1657 646 1559 644 647 1041 1040 1041 1560 1656 3716 1550 1850 3177 1542 712 3005 3725 2287 1558 2285 2286 2584 2554 2574 2552 2574 2575 497 818 463 2585 463 2567 2578 2553 2573 2553 2578 2567 2588 2587 3192 1786 1785 1786 1784 2576 3196 1783 3197 455 3198 496 3199 2860 3204 2859 2577 2583 2577 2859 3431 3185 3184 3183 3186 650 651 3183 3184 3185 2299 2528 2527 2528 4403 2805 3010 3011 3478 4248 4252 4251 4250 4251 4252 4253 3054 3486 3053 3052 3051 4594 2759 816 811 814 816 2759 3487 4593 2758 3429 4597 2529 3428 3051 4594 2759 3487 4593 2758 3429 4597 2529 113 2763 2532 2766 2533 2531 112 111 110 111 112 2531 2533 2766 2532 2763 113 2529 4597 2760 2757 3288 4551 609 2695 4164 2695 609 608 609 2695 108 2694 2822 433 4230 3509 2325 2522 372 891 3512 2521 919 3510 2520 3506 920 921 3328 4456 3454 4545 4454 3309 3329 4455 3310 2856 777 776 777 3525 2699 2073 1057 1056 1055 1058 1060 1061 2192 2702 2700 4527 2698 3225 2701 4162 4521 2702 2701 3218 3224 3218 2701 2702 2192 1063 4557 2704 4552 1682 2075 4299 596 595 596 389 4298 389 596 4299 4157 588 2300 582 584 558 3533 3430 3057 2713 4158 2706 3347 4529 3347 4524 2704 4552 1682 2075 2706 576 2201 2193 2201 2197 2202 2206 4137 1196 4137 2206 4154 2708 2711 2708 2709 2715 2709 4140 4141 4142 3122 4467 4468 2082 3059 598 597 4302 3349 2511 605 3352 4305 4306 3543 3541 3542 3544 3545 3546 4231 3353 1637 1895 1927 1716 1717 1918 1717 1716 1927 1895 228 1720 2861 1720 228 227 228 1720 2861 1506 1719 281 4148 230 231 3331 1722 4475 2513 4464 2510 2519 4280 4279 400 405 402 406 404 2514 379 2539 2736 2739 4480 4481 544 4476 2283 2284 1942 1052 4301 1985 2687 1957 3137 1967 4166 413 2216 2217 387 2218 2220 347 350 2219 349 351 2020 2002 858 854 881 853 4171 2012 1991 2215 4168 4167 269 2216 413 395 412 395 413 4166 4165 393 4583 1999 2794 2006 52 71 321 2001 266 1987 2003 1982 1938 4170 1931 1961 1921 1924 1920 1891 1917 555 1900 3124 1905 553 1898 1909 1923 3360 414 604 414 3360 1923 1907 1886 4308 1888 4155 1919 4309 1963 1916 1913 1922 256 1922 1906 4270 2343 1070 2344 1194 2079 2078 2077 2076 1709 1707 2074 1703 1702 1703 1705 3442 1697 1699 1697 1701 103 102 358 1695 1694 1695 358 102 103 1701 1697 3442 2070 4267 4266 664 663 664 4266 4267 661 2068 665 3551 3550 2066 1687 2066 315 314 3481 109 3481 314 315 2066 3550 3551 665 2068 661 4267 2070 3442 1705 1703 2074 1707 1709 2076 2077 2078 2079 1194 2344 1070 2343 4270 1906 2342 2875 4160 1902 3126 1893 1905 3124 1900 555 1917 1891 1920 1924 1921 1961 1931 4170 1938 319 1938 4170 4169 1983 1986 539 1985 2324 545 2682 2322 4287 4457 2517 258 3343 4389 4392 4387 4390 4391 262 2728 3062 3061 384 2679 399 4280 2519 2510 4464 2513 4475 1722 3331 231 230 4148 1912 1915 3133 1885 1961 1921 1924 1884 1894 69 1928 67 1899 41 43 4129 64 58 63 62 55 62 61 60 1995 60 61 62 63 58 64 4129 43 41 1899 1926 1337 1890 1335 1910 1904 1343 1344 1343 1904 1889 1933 1334 1933 1889 1925 1914 32 31 1339 31 32 1914 1925 1929 484 1932 34 1348 1964 1960 1974 1980 1318 35 1321 1947 1976 1945 1958 1935 1934 4268 586 1327 586 4268 1934 1935 1958 1945 1976 1947 1321 35 1318 1980 1974 1960 1964 1348 34 1932 484 1929 1345 1343 1904 1910 1335 1890 1337 1926 1899 41 43 4129 64 58 63 62 61 60 1987 266 2001 321 71 52 2006 2794 1999 2219 349 351 2020 2002 858 343 2013 4584 4585 1988 2004 1997 1996 1997 2004 4202 2000 2005 2019 2005 1989 2963 2961 2946 2947 2958 2949 2956 2954 225 1203 1204 1203 225 2954 2956 2949 2958 2947 117 2948 117 2947 2946 2961 2963 1989 2005 2000 4202 2004 1988 4585 4584 2013 343 858 2002 2020 351 349 2219 1999 4583 393 4165 1967 3137 1957 2687 1985 4301 1052 1942 4582 1683 3131 1941 1939 282 4598 519 281 1719 1506 2861 1720 228 1895 1637 3353 4231 4574 4573 4305 4306 3543 3541 3542 3547 603 1903 4307 4308 1888 4155 1919 4309 1963 1916 1913 1922 1906 2342 2875 2863 1965 4277 4289 4276 1952 37 3444 1954 1978 1966 1979 2775 254 3437 472 211 207 2777 195 4420 2779 3445 192 1305 186 189 1303 1301 2781 736 760 4311 2864 184 738 737
442 1610 4344 4220 3204 3922 3432 664 2012 798 180 4268 4283 1666 2743 1843 4259 3789 197 4931 173 171 209 4232 4246 2704 2703 2715 2711 893 1082 1961 1173 2233 4279 2683 1153 3655 3644 3645 4852 1162 1163 3145 1574 1156 2640 2168 2643 1558 4837 921 925 1246 4271 2512 4836 1084 1946 1087 1239 1238 1530 1241 310 308 1174 1221 162 1234 2173 2737 157 4311 2732 2745 4197 208 4498 169 317 1186 2187 2183 5048 1494 1488 4210 4212 1128 3182 3187 1465 1476 4338 2241 3676 3995 4180 1365 2149 1343 1341 3445 4316 1409 4527 1469 690 1333 2011 4172 3225 5060 808 4510 2271 711 4632 1403 1431 3725 4174 1461 346 347 348 1457 3786 1304 3598 4023 3601 60 4907 3176 3620 4010 3977 3980 2496 2495 474 4035 3823 3932 446 375 373 4177 2533 3813 1875 4991 4989 2416 4986 4219 2448 3924 3675 565 448 447 3929 846 3050 3051 3627 472 4741 4732 4735 428 1614 4727 478 465 1773 4637 1771 196 199 200 201 202 207 210 345 358 387 388 389 390 441 457 462 471 475 476 477 561 562 563 564 566 567 568 569 661 662 663 665 683 787 805 806 807 844 845 847 848 1081 1083 1117 1164 1165 1166 1167 1169 1170 1171 1175 1176 1193 1215 1227 1235 1247 1330 1436 1437 1670 1672 1673 1674 1770 1772 1775 1844 1845 1846 1912 2013 2014 2150 2176 2179 2192 2231 2234 2244 2411 2412 2413 2414 2415 2446 2468 2469 2470 2471 2613 2614 2616 2638 2641 2642 2705 2712 2713 2717 2718 2719 2726 2727 2734 2736 2739 2746 2747 3053 3054 3055 3056 3057 3058 3088 3089 3090 3091 3092 3093 3139 3146 3148 3189 3199 3202 3203 3223 3224 3345 3347 3355 3392 3393 3431 3440 3511 3512 3517 3559 3606 3619 3677 3920 3921 3923 3928 3930 3944 3945 3952 3978 3994 4011 4024 4031 4032 4034 4166 4173 4245 4247 4258 4413 4422 4738 4739 4908 4910 4911 4916 4964
531
737 738 184 2864 4311 760 736 2781 1301 1303 189 186 1305 192 3445 2779 4420 195 2777 207 211 472 3437 254 2775 1979 1966 1978 1954 3444 3443 271 270 271 3443 3444 37 1952 4276 4289 4277 1965 2863 2875 2342 1906 1922 1913 1916 1963 4309 1919 1972 3355 1948 3357 3358 3357 1948 3355 1972 1919 4155 1888 4308 4307 1903 603 3547 3545 3546 4231 3353 1637 1895 228 1720 2861 1506 1719 281 519 4598 282 1939 1941 3131 1683 4582 1942 1052 4301 1985 2687 1957 3137 1967 4165 393 4583 1999 2219 349 351 2020 2002 858 343 2013 4584 4585 1988 2004 4202 2000 2005 1989 2963 2962 2963 2961 2946 2947 2958 2949 2956 2954 225 1203 2950 2968 2967 1201 1202 1201 2967 146 1205 2964 2965 4586 4192 2951 4245 3479 1211 4112 226 4112 4191 3020 3023 3020 4191 4193 2850 1213 2851 1213 2850 4193 4587 3436 3435 220 4244 955 953 2138 952 3026 947 3434 2142 2143 2304 125 2304 2143 2144 2146 2145 3433 2148 4206 4431 137 4205 134 4204 4243 143 4242 2309 4588 4203 4184 669 4229 2317 2316 2315 672 2315 2314 1678 2313 2235 2812 4432 2234 4432 2812 2235 2236 4088 2815 2811 1664 1663 1664 2811 4097 2233 3294 2232 4086 4182 2350 2253 2252 2251 3292 3291 3470 4188 3027 4185 4186 765 4186 4185 3027 4188 3470 3291 3292 2251 2252 2253 2350 4182 2301 2858 2349 1670 4084 1673 2857 4590 2348 2317 4229 669 4184 4203 4588 2309 4242 143 4243 4204 134 4205 137 4431 4206 2148 3433 2145 2146 2144 4110 131 2153 4208 4209 4208 2159 2158 2155 2152 2151 2149 2151 2152 2155 2158 2159 4208 2153 131 4110 2144 2143 2142 3434 947 3026 952 2138 953 955 4244 220 3435 3436 4587 4193 2850 1213 2851 116 2048 4214 2044 4440 2044 4439 4441 4439 2044 4214 2048 116 2851 1213 2850 4193 4191 3020 4191 4193 4587 3436 3435 220 4244 955 953 2138 952 3025 3026 947 3434 2142 2145 127 126 127 2145 3433 2148 4206 4431 137 4205 134 4204 4243 143 4242 2309 4588 4203 4184 669 4229 2317 2348 4085 2348 2317 2316 2315 2314 1678 2313 2235 2236 4088 2815 2818 4089 1668 2232 4086 4182 2350 2253 2252 2251 3292 4087 4187 4188 3027 4185 4186 4189 2255 4189 4186 4185 3027 4188 3470 3291 3292 2251 2252 2253 2350 4182 2301 2858 2349 1670 4084 1673 2857 4590 2348 2317 4229 669 4184 4203 4588 2309 4242 143 4243 4204 134 4205 137 4431 4206 2148 3433 2145 2146 2144 4110 131 2153 4208 2159 2158 122 2158 2155 164 2155 2152 2151 120 2151 2149 2147 2139 2137 161 2136 159 4118 1949 1951 1943 1955 1933 1889 1925 1929 484 1932 34 1348 1964 1960 1974 1980 1318 35 1321 1947 1976 1945 1958 1935 1934 1970 1936 1944 1979 2775 254 3437 472 211 207 2777 195 4420 2779 3445 192 1305 186 189 1303 1301 2781 736 760 4311 2864 184 738 737
3832 2273 3170 1792 4636 1795 3168 3785 1858 2394 2392 3530 619 3695 2086 3156 3543 4234 4960 1678 4950 725 743 3126 623 519 3380 521 1862 4441 3536 3697 3155 814 3020 840 746 64 67 68 1855 627 3693 3739 625 3688 66 69 403 404 406 520 620 624 626 628 629 635 636 726 729 733 735 742 810 811 813 816 836 837 839 841 1453 1455 1458 1460 1680 1774 1776 1777 1779 1794 1796 1854 1867 2084 2085 2087 2090 2091 2097 2389 2390 2393 2406 2407 2596 2611 3159 3160 3161 3162 3164 3165 3166 3171 3172 3173 3175 3177 3509 3510 3513 3515 3516 3518 3519 3520 3522 3523 3524 3525 3528 3529 3531 3532 3533 3534 3535 3537 3538 3539 3540 3541 3542 3544 3546 3547 3548 3550 3554 3689 3690 3941 3942 3946 3947 4961 4962
0
737

0
737

0
737

1493
737 738 248 246 2091 176 2095 3438 213 2049 4081 4082 2880 1400 2110 1357 2881 3480 2865 4178 2882 3491 2882 1362 2108 2107 1380 2107 2106 1382 4066 309 2105 2100 4120 2101 1388 1386 4079 1391 1393 4076 4075 4074 1262 4074 4075 4076 1393 1391 4079 1386 1388 2101 4120 2100 2105 309 4066 1382 2106 2107 2108 1362 2882 3491 215 1229 4312 1226 1224 907 1589 830 4313 830 831 1587 1588 1587 831 830 4313 961 960 1015 3074 2351 4175 2866 1019 1847 1842 2867 3366 1238 3368 1238 3366 1858 3369 3370 1857 3371 3385 3386 3388 307 3388 3390 3389 3387 3384 1219 3384 3946 1035 3946 3383 3420 2443 2435 305 2448 2439 303 2458 2454 294 298 295 297 4029 4030 4031 4032 2876 4034 2462 2440 2459 2449 2434 2454 294 298 295 297 4029 4030 4031 4032 2883 4035 2868 4035 2883 4032 2876 4034 2462 2121 1607 4315 4316 2281 4317 2282 2281 4317 2282 2237 2120 2237 2238 2246 2238 2244 2240 288 2240 2244 2238 2237 2120 2884 3459 2119 3457 3458 2823 2869 3085 3086 3085 2869 4037 908 4037 2869 3085 3086 3087 3090 3089 2451 3313 3460 2500 1185 1176 1177 1176 3464 1187 3463 1189 3463 1187 3464 1174 1172 1254 3961 3314 3858 3857 1250 1251 1250 3857 3858 3314 3860 3871 2507 3878 2508 3853 2509 3315 899 898 1870 898 899 3315 843 844 843 3315 2509 3872 3882 1170 3882 3872 2509 3315 899 898 1870 1868 3856 3838 904 903 3831 3830 3829 938 3829 3828 1434 2131 1146 1145 1445 1443 1449 1454 2132 1454 1449 1443 1445 1145 1146 2131 2130 1147 1469 1471 1472 1471 1469 1147 2130 2129 1463 1458 2128 1465 1135 434 2126 1139 1137 2125 3971 2124 3968 1409 1043 1044 1045 1044 2122 2878 2987 905 2987 2878 2122 4060 4059 286 4059 4060 2895 2894 2891 2890 2888 2889 2879 944 943 944 941 939 4062 4061 4062 4064 2042 2038 2040 2039 2037 2039 2040 2038 2027 2026 2025 2035 2034 3807 1412 1414 3819 2033 3795 3801 3797 3801 3800 3801 3795 2033 3819 1414 1412 3807 3808 3811 3823 3812 3827 3825 3813 3758 2841 3753 3755 2842 2844 2846 3757 2846 2844 2842 3783 3781 3790 3784 3790 3781 3783 2842 3755 3753 2841 3758 2840 4236 3773 4236 2840 3759 3943 3941 3942 4239 3763 4239 3762 3931 3933 3945 3934 3945 3953 2991 4235 3938 3936 3951 3940 4234 2997 4004 3998 4007 4238 4241 3984 3000 4241 4238 3990 3988 4237 3983 2117 2118 2119 3457 3458 2823 2869 3085 3086 3087 3090 3089 2451 3088 2445 2453 2452 2885 4318 2870 4323 2877 3084 2871 4047 2872 1863 4044 1863 2872 2873 2886 4324 3082 3083 4048 4056 4055 285 284 4054 4412 4053 4052 4051 4050 4051 4052 4053 4412 4054 284 285 4055 4056 4048 3083 2980 2979 905 2987 2878 2122 4060 2895 2894 2891 2890 2888 2889 2879 2893 2769 2028 2029 3818 3835 3836 2975 2974 2906 2932 1263 2932 2910 2929 2908 2930 2917 2898 2927 2898 2933 2919 2923 1504 1505 2915 2907 2911 2903 2913 2903 2911 1504 2923 2909 3760 2982 2989 4415 2989 2982 3760 2909 2923 2919 2933 2898 2917 2930 2908 2929 2910 2932 2906 2974 2975 3836 3837 1128 2914 2921 1134 2921 2914 1128 3837 3835 3818 2029 2028 2769 2893 2879 944 941 939 4062 4064 2042 2027 2026 2025 2035 2034 3807 3808 3811 3823 3812 3827 3825 3813 3758 2840 4236 3773 3771 3765 3767 2831 2832 3751 3746 3740 3739 3740 3746 3751 3742 3744 3743 3744 3742 3751 2832 2831 3767 3765 3771 3773 4236 3465 4236 2840 3759 4367 4360 4356 4361 4363 4365 4358 4364 4362 4360 4367 3759 3943 3941 3944 3929 3928 3929 2993 2992 4235 3938 3936 3951 3940 4234 2997 4004 3998 4007 4006 3995 4006 3984 4241 4238 3990 3988 4237 3983 2117 2242 2884 2120 2237 2282 4317 2281 4316 4315 1607 2121 2462 4034 2876 4032 2883 4035 2868 2280 4207 290 2825 914 1861 1192 1193 1192 1858 3366 2867 1842 1847 1859 3367 1859 1847 1019 1020 1019 2866 2024 2352 2022 2021 4174 2351 4175 2866 2024 2352 2023 1013 4314 964 3075 971 1822 1820 1819 1825 1819 1820 1818 1022 1823 1024 1823 3076 1826 1821 1031 1032 1031 1821 1585 1026 1839 1835 1028 1835 1839 1831 1623 1617 1620 1624 1615 1611 1613 4284 2826 4282 973 3077 2827 980 2827 975 3078 977 981 983 985 986 985 987 3079 2436 2828 2437 2444 2460 3926 994 996 994 3926 2460 2444 2437 2828 2436 3079 987 985 983 981 977 3078 975 2827 3077 973 4282 2826 4284 1613 1611 1615 1624 1620 1617 1623 1831 1839 1026 1585 1821 1826 3076 1823 1022 1818 1820 1819 1587 831 830 1589 907 1224 1225 1224 1226 4312 1229 215 3491 3490 3489 3480 2865 4178 2882 1362 2108 2107 2106 1382 2106 2107 2108 1362 2882 4178 2865 3480 2881 1357 2110 4027 2112 2113 2114 2116 2114 2113 2111 4028 2111 2113 2112 4027 2110 1357 2881 3480 2865 4178 2882 1362 2108 2107 2106 1382 4066 309 2105 2100 4120 2101 1388 1386 4079 1391 1393 4076 1354 4078 4077 4078 1354 4076 1393 1391 4079 1386 1388 2101 4073 2101 4120 2100 1395 2102 2103 842 841 842 1398 4072 2104 4072 1398 842 2103 2102 1395 2100 2105 309 4066 1382 2106 2107 2108 1362 2882 4178 2865 3480 3489 3490 3489 3480 2881 1357 2110 4027 2112 1364 2115 1367 2115 1364 2112 2113 2114 2113 2112 4027 2110 1400 2880 4082 2880 1400 2110 1357 2881 3480 3489 3490 3491 215 1229 4312 1226 1224 907 1589 1590 1592 1590 1589 830 4313 961 4313 958 959 958 4313 961 960 1015 3074 2351 4175 2024 2352 2022 2021 4174 2351 4175 2024 2352 2023 1013 4314 964 3075 968 966 968 3075 964 4314 1013 2023 2021 4174 2351 4175 2866 1019 1847 1859 1847 1842 2867 3366 1238 3368 1240 3368 1238 3366 1858 1192 1861 914 2825 290 291 290 4207 2280 2868 4035 2883 4032 4031 4030 4029 297 295 298 294 2454 2458 303 2439 2448 305 306 305 2435 2443 3420 3383 3946 3384 3387 3389 3390 1093 3390 3388 3386 3385 3371 1096 3372 3393 3373 3374 1101 3375 1038 1039 3376 3377 1110 1117 1110 3377 3376 1039 1038 3375 3405 3402 3408 3411 911 3415 3421 3418 3814 1103 3814 3418 3421 3415 911 3411 3408 3402 3399 3398 3397 3396 3395 3373 3393 3372 1096 3371 1857 3370 3369 1858 3366 2867 1842 1847 1019 2866 2024 2352 2023 1013 4314 964 3075 971 1822 1820 1818 1022 1823 3076 1826 1821 1585 1026 1839 1831 1623 1617 1618 1617 1620 1624 1615 1611 1613 4284 2826 4282 973 3077 2827 975 3078 977 981 977 978 977 981 983 985 987 3079 989 3079 2436 2828 2437 2444 2460 3926 2460 1606 1603 3927 2456 1601 2456 992 2438 2437 2828 2436 3079 987 985 983 981 977 3078 975 2827 3077 973 4282 2826 4284 1613 1611 1615 1624 1620 1617 1623 1831 1839 1026 1585 1821 1826 3076 1823 1022 1818 1820 1822 971 3075 964 4314 1013 2023 2021 4174 2351 4175 2866 1019 1847 1842 2867 3366 1858 1192 1861 914 2825 290 4207 2280 2868 4035 2883 4032 2876 4034 2462 2121 1607 4315 4316 2281 4317 2282 2237 2120 2884 3459 2119 3457 3458 2823 2869 3085 3086 3087 3090 3089 2451 3313 3460 2500 1185 1176 3464 1174 1172 1254 3961 3314 3860 3871 2507 3872 2509 3315 899 898 1870 1868 3856 3838 1500 302 2985 2978 2983 2978 2984 3793 3791 3777 3789 3788 3786 3788 3789 3777 3791 3793 2984 2978 2985 2982 3760 2909 2923 1504 1505 2899 1505 2915 2907 2931 2908 2930 2908 2931 2907 2911 2903 2901 1268 1269 1268 3499 3497 3498 3497 3499 1268 2901 2903 2911 1504 2923 2909 3760 2982 2985 302 1500 3838 3856 1868 1870 898 899 3315 2509 3872 2507 3871 3860 3314 3961 1254 1172 1174 3464 1176 1185 2500 3460 3313 2451 3089 3090 3087 3086 3085 2869 2823 3458 3457 2119 3459 2884 2120 2237 2282 4317 2281 4316 4315 1607 2121 2462 4034 2876 4032 2883 4035 2868 2280 4207 290 2825 914 1861 1192 1858 3366 2867 1842 1847 1019 2866 2024 2352 2022 2021 4174 3074 1015 960 961 4313 830 1589 907 1224 1226 4312 1229 215 3491 3490 3489 3480 2881 1357 2110 1400 2880 4082 4081 2049 213 3438 2095 176 2091 246 248 738 737
3099 2998 3910 3012 4680 2135 273 3238 480 2304 3900 4647 4495 2969 2966 2970 963 3882 3245 3107 786 3109 877 3876 3256 5068 965 4619 2437 4628 4383 4670 1099 1100 17 4362 4615 4808 579 4829 4500 3276 4403 3859 4438 2994 517 503 506 2799 2801 1703 1704 2765 1714 1701 3872 123 2900 2767 2894 108 103 2928 2978 3960 3959 2985 2990 494 495 1764 1757 1749 1728 2791 1810 4590 2757 2759 122 3327 3314 3318 2891 1833 2901 137 4630 2308 4485 490 485 3236 225 279 4488 4493 280 4491 243 244 1691 4464 2889 2132 4651 3097 3914 3911 616 598 3007 3016 4360 3041 2532 530 615 3125 4881 2136 4448 486 4454 320 2305 3879 3244 3246 3247 3899 2349 2339 3904 2285 4568 4554 238 4896 246 255 4460 4466 2890 2886 1813 1807 2779 1748 1740 1760 4687 4686 18 19 20 21 23 24 25 26 96 98 99 100 101 102 104 105 106 107 109 110 111 112 113 114 115 116 117 118 119 124 125 126 127 128 129 130 131 134 136 222 223 224 226 227 228 229 230 231 232 233 234 235 236 237 239 242 245 247 248 249 250 251 252 253 256 257 258 259 260 261 262 263 271 272 275 319 328 481 482 483 484 487 488 489 491 492 493 496 497 498 500 501 502 505 512 513 514 526 527 528 529 531 532 536 537 539 540 541 575 576 578 583 585 586 587 588 590 591 592 593 594 596 597 602 603 604 607 608 617 618 737 738 739 956 957 958 959 964 966 969 970 971 972 973 974 975 976 977 983 1108 1109 1707 1709 1711 1712 1713 1719 1720 1721 1723 1724 1725 1726 1731 1732 1738 1739 1741 1743 1744 1745 1750 1751 1752 1754 1755 1761 1762 1763 1812 1824 1832 1834 1880 1881 1882 1883 1885 1889 1890 1892 2126 2127 2128 2129 2130 2131 2133 2134 2137 2138 2139 2286 2287 2288 2289 2290 2291 2300 2301 2302 2303 2311 2312 2313 2314 2316 2317 2318 2319 2320 2321 2322 2323 2335 2336 2337 2338 2346 2350 2352 2436 2439 2456 2457 2458 2577 2580 2581 2582 2583 2584 2753 2754 2781 2782 2784 2785 2800 2802 2803 2814 2815 2817 2818 2819 2841 2842 2855 2888 2898 2899 2949 2953 2964 2965 2967 2968 2986 2987 2992 3004 3006 3008 3009 3010 3011 3013 3014 3015 3035 3036 3037 3038 3039 3040 3098 3104 3105 3106 3108 3110 3111 3113 3114 3115 3116 3117 3118 3119 3120 3121 3122 3123 3124 3150 3151 3234 3235 3237 3239 3240 3241 3242 3243 3248 3249 3250 3251 3252 3253 3254 3255 3259 3269 3270 3271 3272 3273 3274 3275 3277 3278 3279 3280 3281 3283 3313 3317 3321 3322 3325 3326 3328 3854 3855 3857 3861 3862 3863 3864 3865 3867 3870 3871 3883 3884 3886 3893 3896 3897 3902 3903 3905 3906 3907 3909 3912 3913 3915 3916 4353 4376 4378 4381 4382 4385 4386 4387 4388 4390 4391 4393 4400 4401 4402 4446 4453 4561 4588 4598 4668 4858 4878 4944
0
737

0
737

463
737 738 184 2864 4311 760 736 2781 1301 1303 189 186 1305 192 3445 2779 4420 195 2777 207 211 472 3437 254 2775 1979 1944 1936 1970 1934 1935 1958 1945 1976 1947 1321 35 1318 1980 1974 1960 1964 1348 34 1932 484 1929 1925 1889 1933 1955 1943 1951 1949 4118 159 2136 161 2137 2139 162 2139 2147 2149 2151 10 2151 2152 2155 2158 2159 121 2159 4208 4209 123 4209 4208 2153 131 4110 2144 2143 2304 125 945 946 945 2141 2140 2138 952 3025 950 951 950 3025 3026 947 3434 2142 2145 3433 2148 2150 2154 138 2154 2150 2148 4206 4431 137 4205 134 4204 139 140 139 4204 4243 143 4242 2309 2310 2311 2310 2309 4588 4203 4184 669 4229 2317 2348 4590 2857 1673 4084 1670 2349 2858 2301 4182 4086 2232 1668 4089 2818 2815 4088 2236 4088 766 4088 2815 2818 4089 1668 2232 4086 4182 2350 2253 2252 2251 3292 3291 3470 3028 3029 3472 3029 3028 3470 3291 3292 2251 2252 2253 2350 4182 2301 2858 2349 1670 4084 1673 2857 4590 2348 2317 4229 669 4184 4203 4588 2309 4242 143 4243 4204 134 4205 137 4431 4206 2148 3433 2145 2142 3434 947 3026 952 2138 953 955 4244 220 3435 3436 4587 4193 4191 4112 1211 3479 4245 2951 4192 4586 2965 2964 3307 2964 1205 146 147 146 2967 2968 2950 2969 2968 2969 2970 2969 2950 1203 225 2954 2956 2949 2958 2947 2946 2961 2963 1989 2005 2000 4202 2004 1988 4585 4584 2013 343 858 854 881 853 4172 3336 884 863 876 1081 491 879 620 2972 2973 2971 3064 2264 4227 883 4132 2331 2333 2336 429 880 873 860 882 859 882 887 875 1879 875 859 878 868 857 424 2821 4232 3065 1815 612 614 616 618 622 4565 3073 2264 3064 3548 4370 2972 2973 2258 2260 4228 2680 3332 3316 861 4491 4490 3306 4493 865 894 3303 2047 867 9 15 17 855 17 16 17 15 9 6 7 6 9 867 2047 3303 894 865 4493 3306 4490 4491 861 3316 3332 2680 4228 2260 2258 2973 2971 3064 3548 624 626 627 625 3106 2731 4392 4387 4390 4391 262 2728 3062 3061 384 2679 399 4280 2519 4465 4466 3060 411 2724 2672 3289 2082 3059 2511 605 3352 4305 4306 3543 3541 3542 3547 603 1903 4307 4308 1888 4155 1919 4309 1963 1916 1913 1922 1906 2342 2875 2863 1965 4277 4289 4276 1952 37 3444 1954 1978 1966 1979 2775 254 3437 472 211 207 2777 195 4420 2779 3445 192 1305 186 189 1303 1301 2781 736 760 4311 2864 184 738 737
637 3737 3581 3692 3694 2405 827 4439 4443 630 3706 3157 3707 3154 812 3552 723 724 730 4308 2445 3527 2106 3712 1778 1797 1799 3943 343 888 341 2398 3590 3577 65 622 632 633 638 731 732 734 741 817 828 830 887 889 1363 1364 1378 1793 1798 1868 2095 2383 2384 2385 2395 2396 2397 2486 3153 3158 3163 3167 3526 3545 3549 3553 3580 3691 3708
0
737

1080
737 738 248 246 2091 176 2095 3438 213 2049 4081 4082 2880 1400 2110 1357 2881 3480 3489 3490 3491 215 1229 4312 1226 1224 907 1589 830 831 1587 1819 1820 1818 1022 1823 3076 1826 1821 1585 1026 1839 1835 1029 1835 1839 1831 1623 1617 1620 1624 1615 1611 1613 4284 2826 1009 1010 1009 2826 4282 973 3077 2827 975 3078 977 981 983 985 987 3079 2436 2828 2437 2444 3080 997 998 997 3080 2444 2437 2828 2436 3079 987 985 983 981 977 3078 975 2827 3077 973 4282 2826 4284 1613 1611 1615 1624 1620 1617 1623 1831 1839 1026 1585 1821 1031 1828 1829 1830 1581 1236 1581 1830 1234 1841 1231 1843 2867 3366 1858 3369 3370 1857 3371 1096 3372 3393 3373 3395 3396 3397 3398 3399 3402 3408 3410 3408 3402 3405 3375 1038 1039 3376 1112 3376 3377 3378 1118 3379 3380 3381 3382 3419 3382 3381 3380 826 3380 3379 1118 3378 3377 3417 3416 3417 3377 3376 1039 1113 1039 3376 3377 3378 1118 3379 3380 3381 3382 827 828 827 3382 3381 3380 3379 1118 3378 3377 3376 1039 1038 3375 3405 3402 3403 3401 3834 3403 3402 3408 3411 911 3415 3421 3422 3802 1584 3802 3422 3421 3415 911 3411 3408 3402 3399 3398 3397 3396 3395 3373 3393 3372 1096 3371 3385 3386 3388 3390 3389 3387 3384 3946 3383 3420 2443 2435 305 2448 2439 303 2458 2454 2434 2449 2459 2440 2462 2121 1607 4315 4316 2281 4317 2282 2237 2120 2884 2242 2117 2242 2248 2245 2248 2242 2117 2118 3459 2119 3457 3458 2823 2869 3085 3086 3087 3090 3089 2451 3088 3036 3311 3031 3038 3031 3311 4138 3461 3312 3313 3460 2500 2501 1183 2503 2504 3960 2504 2503 1183 2501 2500 1185 1176 3464 1174 1172 1254 3961 3314 3860 3859 3860 3871 2507 3872 2509 3315 899 3315 843 3315 899 898 1870 1868 3856 3838 1500 302 2985 2978 2984 3793 3791 3777 3789 3788 3786 3785 3786 3788 3789 3777 3791 3793 2984 2135 2133 2976 2133 2132 1454 1449 1443 1444 1443 1445 1145 1146 2131 2130 2129 1463 1458 2128 1465 1135 434 902 901 1142 1144 1142 901 902 434 2126 1139 1137 2125 3971 2124 3968 1409 1043 1044 2122 4060 2895 2894 2891 2890 2888 2889 2888 2890 3964 2890 2888 2889 2879 2893 2769 2028 2029 3962 2029 3818 3835 3837 1128 1130 1129 1130 1128 2914 2921 1132 2921 2914 1128 3837 3836 2975 2974 2906 2932 2910 2929 2908 2930 2917 2898 2933 2934 2926 2919 2923 2909 2923 2919 2933 2898 2917 2930 2908 2929 2910 2932 2906 2974 2975 3836 3835 3818 2029 2028 2769 2893 2879 944 941 939 4062 4064 2042 2043 2042 2038 2040 2039 1406 2036 1405 2036 1406 2039 2040 2038 2027 2026 2025 2035 2034 3807 1412 1414 3819 2033 3795 2033 3819 1414 1412 3807 3808 3811 3823 3812 3827 3825 3813 3758 2841 3753 3755 2842 2844 2845 2844 2842 3755 3754 3755 2842 3783 3781 3790 3779 3790 3781 3783 2842 3755 3753 2841 3758 3813 3825 3827 3812 3823 3811 3808 3807 2034 2035 2025 2026 2027 2042 4064 4062 939 941 944 2879 2889 2888 2890 2891 2894 2895 4060 2122 2878 2987 905 2979 2980 3083 3082 4324 2886 2873 2872 1863 1864 1862 1866 4041 1866 1865 3809 3841 1867 3850 3849 3850 1867 3841 3809 1865 1866 1862 1864 1863 2872 2873 2886 4324 3082 3083 4048 4056 4055 285 284 4054 4412 4053 4052 4051 4052 4053 4412 4411 4412 4054 284 285 4055 4056 4048 3083 3082 4324 2886 2873 2872 1863 1864 1862 832 1862 1864 4044 4043 4045 4039 4045 4043 4042 4041 1866 1865 3809 3841 3840 3841 3809 1865 1866 1862 1864 1863 2872 4047 2871 3084 2877 4323 2870 4318 2885 2452 4322 3033 4139 3037 3035 4320 4319 3033 4139 3037 4138 3311 3036 3088 2451 3089 3090 3087 3086 3085 2869 2823 3458 1257 1258 1257 3458 2823 2869 3085 3086 3087 3090 3089 2451 3313 3460 2500 1185 1176 3464 1176 1177 1256 1177 1176 3464 1174 1172 1254 1255 1254 3961 3314 3858 3857 1250 1249 1250 3857 3858 3314 3860 3871 2507 3872 2509 3853 3852 3853 2508 3878 3876 3875 900 3874 3967 3966 1426 1428 1429 1428 1426 3966 3967 3874 900 3875 3876 3878 2508 3853 2509 3315 899 898 1870 1868 3856 3838 904 903 3831 3830 3829 3828 1434 2131 1146 1145 1445 1443 1449 1454 2132 1456 2132 2133 2135 2133 2132 1454 1449 1443 1445 1145 1146 2131 2130 1147 1469 1470 1469 1471 2134 1272 2134 1471 1469 1147 2130 2129 1463 1458 2128 1465 1135 434 2126 1139 1137 2125 3971 2124 3968 3959 3968 1409 1043 1409 1410 1409 1043 1044 2122 4060 2895 2894 2891 2890 2888 2889 2879 944 941 939 4062 4064 2042 2038 2040 1424 2040 2038 2042 4064 4062 939 941 944 2879 2893 2769 2028 2874 1655 1654 2862 2897 2761 2897 2862 1654 1655 2874 2028 2769 2893 2879 944 941 939 4062 4064 2042 2027 2026 2025 2035 2034 3807 3808 3811 3823 3812 3827 3825 3813 3758 2841 3758 2840 3759 3943 3942 4239 3762 3931 3933 3945 3953 2991 4235 3938 3937 3938 4235 2992 2993 3956 2994 3957 3950 2995 2998 2996 3976 3975 3976 2996 4001 3978 3980 2997 4004 3998 3996 3995 4006 3984 4241 4238 3990 3989 3990 4238 4007 3998 4004 2997 4234 3940 3951 3936 3938 4235 2991 3953 3945 3933 3931 3762 4239 3942 3943 3759 2840 4236 3773 3771 3769 3770 3769 3771 3765 3767 2831 2832 3751 3742 3741 3742 3751 2832 2831 3767 3765 3771 3773 4236 2840 3759 3943 3942 4239 3762 3931 3933 3945 3953 2991 4235 3938 3936 3951 3940 4234 2997 4004 3998 4007 4238 3990 3988 4237 3983 2117 2242 2884 2120 2237 2282 4317 2281 4316 4315 1607 2121 2462 4034 2876 4032 2883 4035 2868 2280 4207 290 2825 914 1861 1192 1858 3366 2867 1842 1847 1019 2866 2024 2352 2022 2021 4174 3074 1015 960 961 4313 830 1589 907 1224 1226 4312 1229 215 3491 3490 3489 3480 2881 1357 2110 1400 2880 4082 4081 2049 213 3438 2095 176 2091 246 248 738 737
281 240 241 4478 254 4471 298 2315 2341 2330 4563 2293 2326 4349 2328 4564 4348 2823 4351 2348 2351 3908 3881 97 880 3112 1871 1103 2911 4384 2843 4389 4392 2859 22 2783 2780 1806 4809 595 4398 4596 582 3284 2922 2920 2813 4585 4584 4587 1737 1742 1733 1730 510 4780 504 3866 1705 1708 2763 2787 2977 2835 2988 2989 3362 3858 3856 4357 3875 2976 324 2830 1886 3894 1874 1891 1888 4677 4377 4379 4380 4674 4673 4669 2838 4795 2816 4597 577 4818 581 4828 4690 589 2917 584 4783 3282 1722 509 4792 1716 1702 121 120 2896 1836 1823 2924 1815 2935 135 2931 2772 2758 264 276 277 278 292 293 294 295 296 297 321 322 323 325 326 327 515 516 542 580 881 1102 1104 1105 1688 1717 1758 1767 1811 1816 1817 1818 1819 1826 1827 1831 1835 1837 1873 1884 1887 2292 2294 2295 2296 2297 2298 2327 2331 2332 2359 2360 2364 2365 2435 2771 2820 2824 2856 2912 2913 2914 2937 2971 2975 2981 2982 2983 3103 3257 3258 3262 3263 3265 3266 3267 3268 3285 3780 4057 4375 4394 4395 4396 4397 4399 4675 4939 4940
0
737

0
737

0
737

0
737

0
737

0
737

0
737

0
737

0
737

0
737

0
737

0
737

0
737

0
737

0
737

0
737

0
737

0
737

0
737

0
737

0
737

0
737

0
737

0
737

0
737

0
737

0
737

0
737

0
737

0
737

0
737

0
737

0
737

0
737

0
737

0
737

0
737

0
737

0
737

0
737

0
737

0
737

0
737

0
737

0
737

0
737

0
737

0
737

0
737

0
737

0
737

0
737

0
737

0
737

0
737

0
737

0
737

0
737

0
737

0
737

0
737

0
737

0
737

0
737

0
737

0
737

0
737

0
737

0
737

0
737

0
737

0
737

0
737

