6
2117
148 409 408 402 184 720 416 69 68 398 71 405 406 434 417 113 126 407 594 574 592 582 125 178 261 571 257 589 680 185 588 586 718 557 560 192 569 196 564 562 552 130 180 641 183 131 203 179 435 181 124 132 182 632 182 132 124 181 435 179 203 131 183 641 180 130 552 562 564 196 569 192 560 557 718 586 588 185 680 589 257 571 261 178 125 582 592 574 594 407 126 113 417 434 406 405 71 398 68 69 416 720 184 402 408 409 148 409 408 402 184 720 416 69 68 398 71 405 406 434 417 113 126 407 594 574 592 582 125 178 261 571 257 589 680 185 588 586 718 557 560 192 569 196 564 562 552 130 180 641 183 131 203 179 435 181 124 132 182 743 182 132 124 181 435 179 203 131 183 641 180 130 552 562 564 196 569 192 560 557 718 586 588 185 680 589 257 571 261 178 125 582 592 574 594 407 126 113 417 434 406 405 71 398 68 69 416 720 184 402 408 409 148 409 408 402 184 720 416 69 68 398 71 405 406 434 417 113 126 407 594 574 592 582 125 178 261 571 257 589 680 185 129 119 679 197 419 177 420 616 432 637 638 637 432 616 420 177 419 197 679 119 129 185 680 589 257 571 261 178 125 582 592 574 594 407 126 113 417 434 406 405 71 398 68 69 416 720 184 402 408 409 148 409 408 402 184 720 416 69 68 398 71 405 406 434 417 113 126 407 594 574 592 582 125 178 261 571 257 589 680 185 588 586 718 557 560 192 569 196 564 562 552 130 180 641 183 619 204 622 623 622 204 619 183 641 180 130 552 562 564 196 569 192 560 557 718 586 588 185 680 589 257 571 261 178 125 582 592 574 594 407 126 113 417 434 406 405 71 398 68 69 416 720 184 402 408 409 148 409 408 402 184 720 416 69 68 398 71 405 406 434 417 113 126 407 594 574 592 582 125 178 261 571 257 589 680 185 588 586 718 557 560 192 569 196 564 562 552 130 180 641 183 131 620 79 613 76 75 614 613 79 620 131 183 641 180 130 552 562 564 196 569 192 560 557 718 586 588 185 680 589 257 571 261 178 125 582 592 574 594 407 126 113 417 434 406 405 71 398 68 69 416 720 184 402 408 409 148 409 408 445 60 59 454 109 450 449 0 20 137 433 308 13 668 24 382 381 676 383 23 380 539 7 156 710 423 523 527 142 527 523 423 710 156 7 539 380 23 383 676 381 382 24 668 13 308 433 137 20 0 449 450 109 454 59 60 445 408 409 148 409 408 402 184 720 416 69 68 398 71 405 406 434 417 113 126 407 594 574 592 582 125 178 261 571 257 589 680 185 129 119 679 197 419 177 421 629 422 628 422 629 421 177 419 197 679 119 129 185 680 589 257 571 261 178 125 582 592 574 594 407 126 113 417 434 406 405 71 398 68 69 416 720 184 402 408 409 148 409 408 402 184 720 416 69 68 398 71 405 406 434 417 113 126 407 594 574 592 582 125 178 261 571 257 589 680 185 129 119 679 197 419 177 420 616 432 616 420 177 419 197 679 119 129 185 680 589 257 571 261 178 125 582 592 574 594 407 126 113 417 434 406 405 71 398 68 69 416 720 184 402 408 409 148 409 408 402 184 720 416 69 68 398 71 405 406 434 417 113 126 407 594 574 592 582 125 178 261 571 257 589 680 185 129 119 679 197 419 631 419 197 679 119 129 185 680 589 257 571 261 178 125 582 592 574 594 407 126 113 417 434 406 405 71 398 68 69 416 720 184 402 408 409 148 409 408 402 403 506 268 48 47 501 498 500 46 505 45 427 313 314 428 429 315 430 431 642 643 642 431 430 315 429 428 314 313 427 45 505 46 500 498 501 47 48 268 506 403 402 408 409 148 409 408 402 184 720 416 69 68 398 71 405 406 434 417 113 126 407 594 574 592 582 125 178 261 571 257 589 680 185 129 119 679 197 419 177 420 177 419 197 679 119 129 185 680 589 257 571 261 178 125 582 592 574 594 407 126 113 417 434 406 405 71 398 68 69 416 720 184 402 408 409 148 409 414 415 467 167 165 166 171 169 170 472 473 474 84 85 35 331 332 90 339 340 437 89 88 336 335 704 335 336 88 89 437 340 339 90 332 331 35 85 84 474 473 472 170 169 171 166 165 167 467 415 414 409 148 409 408 402 184 720 416 69 68 398 71 405 406 434 417 113 126 407 594 574 592 582 125 178 261 571 257 589 680 185 129 119 679 197 419 197 679 119 129 185 680 589 257 571 261 178 125 582 592 574 594 407 126 113 417 434 406 405 71 398 68 69 416 720 184 402 408 409 148 409 408 402 184 720 416 69 68 398 71 405 406 434 417 113 126 407 594 574 592 582 125 178 261 571 257 589 680 185 588 586 718 557 560 192 569 196 564 563 564 196 569 192 560 557 718 586 588 185 680 589 257 571 261 178 125 582 592 574 594 407 126 113 417 434 406 405 71 398 68 69 416 720 184 402 408 409 148 409 414 415 467 167 165 166 171 169 170 472 473 474 84 356 21 352 351 348 350 347 707 694 349 36 349 694 707 347 350 348 351 352 21 356 84 474 473 472 170 169 171 166 165 167 467 415 414 409 148 409 414 415 467 167 165 166 171 169 170 472 473 474 84 85 35 331 332 90 339 81 80 81 339 90 332 331 35 85 84 474 473 472 170 169 171 166 165 167 467 415 414 409 148 409 408 445 60 59 454 109 450 449 0 20 137 433 308 13 668 24 382 381 676 383 23 380 539 7 156 7 539 380 23 383 676 381 382 24 668 13 308 433 137 20 0 449 450 109 454 59 60 445 408 409 148 409 408 445 60 59 454 109 450 449 0 508 2 389 14 396 394 290 67 285 27 28 281 513 517 518 29 728 29 518 517 513 281 28 27 285 67 290 394 176 133 487 202 446 134 110 109 454 59 60 445 408 409 148 409 408 445 60 59 454 109 450 449 0 20 137 433 308 13 668 24 382 381 676 383 23 380 539 658 9 10 319 11 12 379 655 693 13 308 433 137 20 0 449 450 109 454 59 60 445 408 409 148 409 414 415 467 167 466 465 136 677 310 673 546 31 311 378 149 159 161 160 153 320 323 11 319 10 9 10 319 11 12 379 655 693 13 308 433 137 20 0 449 450 109 454 59 60 445 408 409 148 409 408 402 184 720 416 69 68 398 71 405 406 434 417 113 126 407 594 574 592 582 125 178 261 571 257 589 680 185 588 587 588 185 680 589 257 571 261 178 125 582 592 574 594 407 126 113 417 434 406 405 71 398 68 69 416 720 184 402 408 409 148 409 408 445 60 59 454 109 450 449 0 508 2 389 14 396 394 290 67 285 27 28 281 513 517 516 517 513 281 28 27 285 67 290 394 176 133 487 202 446 134 110 109 454 59 60 445 408 409 148 409 414 415 467 167 165 166 171 169 170 472 473 474 84 85 35 331 364 365 360 362 108 34 105 106 174 373 690 103 170 169 171 166 165 167 467 415 414 409 148 409 408 445 60 59 454 109 450 449 0 20 137 433 308 13 668 24 382 381 676 383 387 383 676 381 382 24 668 13 308 433 137 20 0 449 450 109 454 59 60 445 408 409 148 409 414 415 467 167 466 465 136 677 310 673 546 31 311 378 652 378 149 648 551 550 657 656 655 693 13 308 433 137 20 0 449 450 109 454 59 60 445 408 409 148 409 414 415 467 167 466 465 136 677 310 673 546 31 311 378 149 159 161 160 153 320 323 11 12 379 655 693 13 308 433 137 20 0 449 450 109 454 59 60 445 408 409 148 409 414 415 467 167 165 166 171 169 170 103 690 373 374 33 531 469 32 696 371 375 370 103 170 169 171 166 165 167 467 415 414 409 148 409 414 415 467 167 165 166 171 169 170 472 473 474 84 359 368 106 174 373 690 103 170 169 171 166 165 167 467 415 414 409 148 409 408 445 60 59 454 109 450 449 0 20 137 433 391 547 670 547 391 310 673 546 31 377 32 696 371 375 370 103 170 169 171 166 165 167 467 415 414 409 148 409 408 445 60 59 454 109 450 449 0 20 137 433 391 547 671 548 164 544 545 546 31 377 32 696 371 375 370 103 170 169 171 166 165 167 467 415 414 409 148 409 414 415 467 167 466 465 136 677 310 673 546 31 377 32 696 371 375 370 509 370 103 170 169 171 166 165 167 467 415 414 409 148 409 408 445 60 59 454 109 450 449 0 20 137 433 391 547 671 548 549 550 657 656 655 693 13 308 433 137 20 0 449 450 109 454 59 60 445 408 409 148 409 414 415 467 167 466 465 136 677 678 677 310 673 546 31 377 32 696 371 375 370 103 170 169 171 166 165 167 467 415 414 409 148 409 414 415 467 167 466 465 136 677 310 673 546 31 377 32 696 371 375 370 103 170 169 171 166 165 167 467 415 414 409 148 409 414 415 467 167 466 465 136 677 310 673 546 31 377 32 696 371 375 370 103 170 169 171 166 165 167 467 415 414 409 148 409 408 445 60 43 288 41 666 39 277 200 61 664 56 54 659 488 51 661 252 62 63 239 52 231 234 231 52 239 63 62 252 661 51 488 659 54 56 664 61 200 277 39 666 41 288 43 60 445 408 409 148 409 408 445 60 43 288 41 666 39 277 200 58 135 489 57 191 198 194 271 270 271 194 198 199 201 134 110 109 454 59 60 445 408 409 148 409 408 402 184 720 416 69 68 398 71 405 406 434 417 113 126 407 594 574 573 579 576 578 581 575 579 573 574 594 407 126 113 417 434 406 405 71 398 68 69 416 720 184 402 408 409 148
598 793 613 590 610 807 593 245 597 619 247 666 249 554 84 141 704 74 527 234 578 510 174 396 626 826 180 15 648 536 505 631 652 161 164 328 312 568
2200
148 409 408 402 184 720 416 69 68 398 71 405 406 434 417 113 126 407 594 574 592 582 125 178 261 571 257 589 680 185 588 586 718 557 560 192 569 196 564 562 552 130 180 317 640 639 740 639 640 317 180 130 552 562 564 196 569 192 560 557 718 586 588 185 680 589 257 571 261 178 125 582 592 574 594 407 126 113 417 434 406 405 71 398 68 69 416 720 184 402 408 409 148 409 408 402 184 720 416 69 68 398 71 405 406 434 417 113 126 407 594 574 592 582 125 178 261 571 257 589 680 185 588 586 718 557 560 192 569 196 564 562 552 130 180 641 183 131 203 179 435 181 124 132 182 132 124 181 435 179 203 131 183 641 180 130 552 562 564 196 569 192 560 557 718 586 588 185 680 589 257 571 261 178 125 582 592 574 594 407 126 113 417 434 406 405 71 398 68 69 416 720 184 402 408 409 148 409 408 402 184 720 416 69 68 398 71 405 406 434 417 113 126 407 594 574 592 582 125 178 261 571 257 589 680 185 129 119 679 197 419 177 420 616 432 637 635 633 117 742 117 633 635 637 432 616 420 177 419 197 679 119 129 185 680 589 257 571 261 178 125 582 592 574 594 407 126 113 417 434 406 405 71 398 68 69 416 720 184 402 408 409 148 409 408 402 184 720 416 69 68 398 71 405 406 434 417 113 126 407 594 574 592 582 125 178 261 571 257 589 680 185 588 586 718 557 560 192 569 196 564 562 552 130 180 641 183 131 203 179 435 181 124 181 435 179 203 131 183 641 180 130 552 562 564 196 569 192 560 557 718 586 588 185 680 589 257 571 261 178 125 582 592 574 594 407 126 113 417 434 406 405 71 398 68 69 416 720 184 402 408 409 148 409 408 402 184 720 416 69 68 398 71 405 406 434 417 113 126 407 594 574 592 582 125 178 261 571 257 589 680 185 588 586 718 557 560 192 569 196 564 562 552 130 180 641 183 131 620 79 613 76 205 607 605 78 603 78 605 607 205 76 613 79 620 131 183 641 180 130 552 562 564 196 569 192 560 557 718 586 588 185 680 589 257 571 261 178 125 582 592 574 594 407 126 113 417 434 406 405 71 398 68 69 416 720 184 402 408 409 148 409 408 402 184 720 416 69 68 398 71 405 406 434 417 113 126 407 594 574 592 582 125 178 261 571 257 589 680 185 588 586 718 557 560 192 569 196 564 562 552 130 180 641 183 131 620 79 613 76 75 206 75 76 613 79 620 131 183 641 180 130 552 562 564 196 569 192 560 557 718 586 588 185 680 589 257 571 261 178 125 582 592 574 594 407 126 113 417 434 406 405 71 398 68 69 416 720 184 402 408 409 148 409 408 402 184 720 416 69 68 398 71 405 406 434 417 113 126 407 594 574 592 582 125 178 261 571 257 589 680 185 588 586 718 557 560 192 569 196 564 562 552 130 180 641 183 131 620 79 613 79 620 131 183 641 180 130 552 562 564 196 569 192 560 557 718 586 588 185 680 589 257 571 261 178 125 582 592 574 594 407 126 113 417 434 406 405 71 398 68 69 416 720 184 402 408 409 148 409 408 402 184 720 416 69 68 398 71 405 406 434 417 113 126 407 594 574 592 582 125 178 261 571 257 589 680 185 129 119 679 197 419 177 420 630 421 177 419 197 679 119 129 185 680 589 257 571 261 178 125 582 592 574 594 407 126 113 417 434 406 405 71 398 68 69 416 720 184 402 408 409 148 409 408 402 184 720 416 69 68 398 71 405 406 434 417 113 126 407 594 574 592 582 125 178 261 571 257 589 680 185 129 119 679 197 419 177 421 630 421 177 419 197 679 119 129 185 680 589 257 571 261 178 125 582 592 574 594 407 126 113 417 434 406 405 71 398 68 69 416 720 184 402 408 409 148 409 414 415 467 167 165 166 171 169 170 472 473 474 84 356 21 352 351 348 350 347 707 694 349 36 353 709 355 346 144 37 344 343 345 146 345 343 344 37 144 346 355 709 353 36 349 694 707 347 350 348 351 352 21 356 84 474 473 472 170 169 171 166 165 167 467 415 414 409 148 409 414 415 467 167 165 166 171 169 170 103 690 373 374 33 326 325 98 92 97 96 328 95 94 99 94 95 328 96 102 101 329 90 332 331 35 85 84 474 473 472 170 169 171 166 165 167 467 415 414 409 148 409 408 402 184 720 416 69 68 398 71 405 406 434 417 113 126 407 594 574 592 582 125 178 261 571 257 589 680 185 588 586 718 557 560 192 569 196 564 562 552 130 552 562 564 196 569 192 560 557 718 586 588 185 680 589 257 571 261 178 125 582 592 574 594 407 126 113 417 434 406 405 71 398 68 69 416 720 184 402 408 409 148 409 408 445 60 43 288 41 666 39 277 200 61 664 56 54 659 488 51 661 252 62 63 239 52 231 226 221 521 213 15 219 217 215 216 214 212 19 224 730 224 19 212 214 216 215 217 219 15 213 521 221 226 231 52 239 63 62 252 661 51 488 659 54 56 664 61 200 277 39 666 41 288 43 60 445 408 409 148 409 408 402 184 720 416 69 68 398 71 405 406 434 417 113 126 407 594 574 592 582 125 178 261 571 257 589 680 185 129 119 679 138 679 119 129 185 680 589 257 571 261 178 125 582 592 574 594 407 126 113 417 434 406 405 71 398 68 69 416 720 184 402 408 409 148 409 414 415 467 167 466 465 136 677 310 673 546 31 311 378 149 159 161 650 528 322 535 322 324 323 11 12 379 655 693 13 308 433 137 20 0 449 450 109 454 59 60 445 408 409 148 409 414 415 467 167 165 166 171 169 170 472 473 474 84 85 35 331 332 90 339 81 337 81 339 90 332 331 35 85 84 474 473 472 170 169 171 166 165 167 467 415 414 409 148 409 414 415 467 167 165 166 171 169 170 472 473 474 84 356 21 352 351 348 350 347 707 694 707 347 350 348 351 352 21 356 84 474 473 472 170 169 171 166 165 167 467 415 414 409 148 409 414 415 467 167 165 166 171 169 170 472 473 474 84 85 35 331 332 90 329 101 102 532 102 101 329 90 332 331 35 85 84 474 473 472 170 169 171 166 165 167 467 415 414 409 148 409 414 415 467 167 165 166 171 169 170 472 473 474 84 356 21 352 351 348 688 348 351 352 21 356 84 474 473 472 170 169 171 166 165 167 467 415 414 409 148 409 408 402 184 720 416 69 68 398 71 405 406 434 417 113 126 407 594 574 592 582 125 178 261 571 257 589 680 185 129 119 129 185 680 589 257 571 261 178 125 582 592 574 594 407 126 113 417 434 406 405 71 398 68 69 416 720 184 402 408 409 148 409 408 402 184 720 416 69 68 398 71 405 406 434 417 113 126 407 594 574 592 582 125 178 261 571 257 584 583 584 257 571 261 178 125 582 592 574 594 407 126 113 417 434 406 405 71 398 68 69 416 720 184 402 408 409 148 409 414 415 467 167 165 166 171 169 170 472 473 474 84 85 35 331 332 90 329 86 330 364 331 35 85 84 474 473 472 170 169 171 166 165 167 467 415 414 409 148 409 414 415 467 167 165 166 171 169 170 472 473 474 84 85 35 331 364 365 360 361 360 365 364 331 35 85 84 474 473 472 170 169 171 166 165 167 467 415 414 409 148 409 414 415 467 167 165 166 171 169 170 472 473 474 84 85 35 357 35 85 84 474 473 472 170 169 171 166 165 167 467 415 414 409 148 409 414 415 467 167 165 166 171 169 170 472 473 474 84 85 35 331 364 365 360 362 108 107 108 34 105 374 373 690 103 170 169 171 166 165 167 467 415 414 409 148 409 414 415 467 167 466 465 136 677 310 673 546 31 311 378 149 159 161 160 153 320 323 324 10 319 11 12 379 655 693 13 308 433 137 20 0 449 450 109 454 59 60 445 408 409 148 409 414 415 467 167 466 465 136 677 310 673 546 31 311 378 149 159 161 160 153 320 323 11 319 10 319 11 12 379 655 693 13 308 433 137 20 0 449 450 109 454 59 60 445 408 409 148 409 408 445 60 59 454 109 450 449 0 20 137 433 308 13 668 24 382 381 676 383 23 540 541 542 380 23 383 676 381 382 24 668 13 308 433 137 20 0 449 450 109 454 59 60 445 408 409 148 409 414 415 467 167 165 166 171 169 170 472 473 474 84 85 35 331 364 365 360 362 360 365 364 331 35 85 84 474 473 472 170 169 171 166 165 167 467 415 414 409 148 409 408 445 60 43 288 41 666 39 277 200 61 664 56 54 659 488 51 661 252 62 63 239 52 231 226 221 521 213 15 219 227 685 686 240 244 245 246 247 248 250 65 63 62 252 661 51 488 659 54 56 664 61 200 277 39 666 41 288 43 60 445 408 409 148 409 414 415 467 167 165 166 171 169 170 103 690 373 374 33 326 33 531 469 32 696 371 375 370 103 170 169 171 166 165 167 467 415 414 409 148 409 408 402 184 720 416 69 68 398 71 405 406 434 417 113 126 407 594 574 592 582 125 178 261 571 257 589 680 185 680 589 257 571 261 178 125 582 592 574 594 407 126 113 417 434 406 405 71 398 68 69 416 720 184 402 408 409 148 409 408 445 60 59 454 109 450 449 0 20 137 433 308 13 668 24 382 381 676 383 653 384 140 385 141 12 379 655 693 13 308 433 137 20 0 449 450 109 454 59 60 445 408 409 148 409 414 415 467 167 466 465 136 677 310 673 546 31 311 378 149 159 161 160 153 320 323 11 12 379 655 693 13 308 433 137 20 0 449 450 109 454 59 60 445 408 409 148 409 414 415 467 167 466 465 136 677 310 673 546 31 311 378 149 159 161 160 153 320 323 11 12 379 655 693 13 308 433 137 20 0 449 450 109 454 59 60 445 408 409 148 409 414 415 467 167 466 465 136 677 310 673 546 31 311 378 149 159 161 160 153 320 323 11 12 379 655 693 13 308 433 137 20 0 449 450 109 454 59 60 445 408 409 148
806 794 792 0 103 98 109 595 594 440 156 775 350 803 523 378 82 520 672 252 576 196 384 166 175 154 235 533 171 302 789 755 635 435 819 823
2114
148 409 408 402 184 720 416 69 68 398 71 405 406 434 417 113 126 407 594 574 592 582 125 178 261 571 257 589 680 185 129 119 679 197 419 177 420 616 432 637 635 633 117 633 635 637 432 616 420 177 419 197 679 119 129 185 680 589 257 571 261 178 125 582 592 574 594 407 126 113 417 434 406 405 71 398 68 69 416 720 184 402 408 409 148 409 408 402 184 720 416 69 68 398 71 405 406 434 417 113 126 407 594 574 592 582 125 178 261 571 257 589 680 185 129 119 679 197 419 177 420 616 432 637 635 636 635 637 432 616 420 177 419 197 679 119 129 185 680 589 257 571 261 178 125 582 592 574 594 407 126 113 417 434 406 405 71 398 68 69 416 720 184 402 408 409 148 409 408 402 184 720 416 69 68 398 71 405 406 434 417 113 126 407 594 574 592 582 125 178 261 571 257 589 680 185 588 586 718 557 560 192 569 196 564 562 552 130 180 641 183 131 620 79 613 76 435 179 203 131 183 641 180 130 552 562 564 196 569 192 560 557 718 586 588 185 680 589 257 571 261 178 125 582 592 574 594 407 126 113 417 434 406 405 71 398 68 69 416 720 184 402 408 409 148 409 408 402 184 720 416 69 68 398 71 405 406 434 417 113 126 407 594 574 592 582 125 178 261 571 257 589 680 185 129 119 679 197 419 177 421 629 422 626 624 625 624 626 422 629 421 177 419 197 679 119 129 185 680 589 257 571 261 178 125 582 592 574 594 407 126 113 417 434 406 405 71 398 68 69 416 720 184 402 408 409 148 409 408 445 60 59 454 109 450 449 0 20 137 433 308 13 668 24 382 381 676 383 23 380 539 7 156 710 423 523 527 523 423 710 156 7 539 380 23 383 676 381 382 24 668 13 308 433 137 20 0 449 450 109 454 59 60 445 408 409 148 409 408 402 184 720 416 69 68 398 71 405 406 434 417 113 126 407 594 574 592 582 125 178 261 571 257 589 680 185 588 586 718 557 560 192 569 196 564 562 552 130 180 641 180 130 552 562 564 196 569 192 560 557 718 586 588 185 680 589 257 571 261 178 125 582 592 574 594 407 126 113 417 434 406 405 71 398 68 69 416 720 184 402 408 409 148 409 408 402 184 720 416 69 68 398 71 405 406 434 417 113 126 407 594 574 592 582 125 178 261 571 257 589 680 185 129 119 679 197 419 177 4 5 4 177 419 197 679 119 129 185 680 589 257 571 261 178 125 582 592 574 594 407 126 113 417 434 406 405 71 398 68 69 416 720 184 402 408 409 148 409 408 402 184 720 416 69 68 398 71 405 406 434 417 113 126 407 594 574 592 582 125 178 261 571 257 589 680 185 588 586 718 557 560 192 569 196 564 562 552 193 111 112 111 193 552 562 564 196 569 192 560 557 718 586 588 185 680 589 257 571 261 178 125 582 592 574 594 407 126 113 417 434 406 405 71 398 68 69 416 720 184 402 408 409 148 409 408 402 403 506 268 48 47 501 498 500 46 505 45 427 313 314 428 429 315 430 566 569 192 560 557 718 586 588 185 680 589 257 571 261 178 125 582 592 574 594 407 126 113 417 434 406 405 71 398 68 69 416 720 184 402 408 409 148 409 414 415 467 167 165 166 171 169 170 472 473 474 84 85 35 331 332 90 339 340 437 89 88 336 335 336 88 89 437 340 339 90 332 331 35 85 84 474 473 472 170 169 171 166 165 167 467 415 414 409 148 409 414 415 467 167 165 166 171 169 170 472 473 474 84 356 21 352 351 348 350 347 707 694 349 36 353 709 355 346 144 37 344 443 344 37 144 346 355 709 353 36 349 694 707 347 350 348 351 352 21 356 84 474 473 472 170 169 171 166 165 167 467 415 414 409 148 409 408 402 403 506 268 48 47 501 498 500 46 505 45 427 313 314 428 429 315 429 428 314 313 427 45 505 46 500 498 501 47 48 268 506 403 402 408 409 148 409 414 415 467 167 165 166 171 169 170 103 690 373 374 33 326 325 98 92 97 96 328 95 94 95 328 96 102 101 329 90 332 331 35 85 84 474 473 472 170 169 171 166 165 167 467 415 414 409 148 409 414 415 467 167 165 166 171 169 170 472 473 474 84 356 21 352 351 348 350 347 707 694 349 36 353 709 355 440 355 709 353 36 349 694 707 347 350 348 351 352 21 356 84 474 473 472 170 169 171 166 165 167 467 415 414 409 148 409 414 415 467 167 165 166 171 169 170 472 473 474 84 356 21 352 351 348 350 347 707 694 349 36 353 709 355 346 144 37 442 37 144 346 355 709 353 36 349 694 707 347 350 348 351 352 21 356 84 474 473 472 170 169 171 166 165 167 467 415 414 409 148 409 408 402 184 720 416 69 68 398 71 405 406 434 417 113 126 407 594 574 592 582 125 178 261 571 257 589 680 185 588 586 718 557 560 192 190 192 560 557 718 586 588 185 680 589 257 571 261 178 125 582 592 574 594 407 126 113 417 434 406 405 71 398 68 69 416 720 184 402 408 409 148 409 408 445 60 59 454 109 450 449 0 20 137 433 308 13 668 24 382 381 676 383 23 380 539 7 156 157 156 7 539 380 23 383 676 381 382 24 668 13 308 433 137 20 0 449 450 109 454 59 60 445 408 409 148 409 414 415 467 167 165 166 171 169 170 472 473 474 84 356 21 352 351 348 350 347 707 694 349 147 349 694 707 347 350 348 351 352 21 356 84 474 473 472 170 169 171 166 165 167 467 415 414 409 148 409 408 402 184 720 416 69 68 398 71 405 406 434 417 113 126 407 594 574 592 582 125 178 261 571 257 589 680 185 588 586 718 717 718 586 588 185 680 589 257 571 261 178 125 582 592 574 594 407 126 113 417 434 406 405 71 398 68 69 416 720 184 402 408 409 148 409 414 415 467 167 165 166 171 169 170 103 690 373 374 33 326 325 98 92 97 96 102 101 329 90 332 331 35 85 84 474 473 472 170 169 171 166 165 167 467 415 414 409 148 409 414 415 467 167 165 166 171 169 170 472 473 474 84 85 35 331 332 90 339 340 82 340 339 90 332 331 35 85 84 474 473 472 170 169 171 166 165 167 467 415 414 409 148 409 408 445 60 43 288 41 666 39 277 200 61 664 56 54 659 488 51 661 252 62 63 239 52 231 226 221 521 213 15 219 217 215 216 214 222 214 216 215 217 219 15 213 521 221 226 231 52 239 63 62 252 661 51 488 659 54 56 664 61 200 277 39 666 41 288 43 60 445 408 409 148 409 408 445 60 43 288 41 666 39 277 200 61 664 56 54 659 488 51 661 252 62 63 239 52 231 226 221 521 213 15 219 217 215 228 215 217 219 15 213 521 221 226 231 52 239 63 62 252 661 51 488 659 54 56 664 61 200 277 39 666 41 288 43 60 445 408 409 148 409 408 445 60 59 454 109 450 449 0 508 2 389 14 396 394 290 67 285 27 28 281 513 517 518 687 518 517 513 281 28 27 285 67 290 394 176 133 487 202 446 134 110 109 454 59 60 445 408 409 148 409 414 415 467 167 466 465 136 677 310 673 546 31 311 378 149 159 161 650 327 529 327 326 33 531 469 32 696 371 375 370 103 170 169 171 166 165 167 467 415 414 409 148 409 408 445 60 59 454 109 450 449 0 20 137 433 308 13 668 24 382 381 676 383 23 380 23 383 676 381 382 24 668 13 308 433 137 20 0 449 450 109 454 59 60 445 408 409 148 409 414 415 467 167 466 465 136 677 310 673 546 31 311 378 149 159 161 160 153 320 323 11 319 543 319 11 12 379 655 693 13 308 433 137 20 0 449 450 109 454 59 60 445 408 409 148 409 414 415 467 167 165 166 171 169 170 472 473 474 84 356 21 356 84 474 473 472 170 169 171 166 165 167 467 415 414 409 148 409 414 415 467 167 466 465 136 677 310 673 546 31 311 378 149 159 161 160 153 320 163 158 159 161 160 153 320 323 11 12 379 655 693 13 308 433 137 20 0 449 450 109 454 59 60 445 408 409 148 409 414 415 467 167 466 465 136 677 310 673 546 31 311 378 149 159 161 160 153 163 158 159 161 160 153 320 323 11 12 379 655 693 13 308 433 137 20 0 449 450 109 454 59 60 445 408 409 148 409 408 445 60 59 454 109 450 449 0 20 137 433 308 13 668 24 382 381 676 383 653 384 140 385 140 379 655 693 13 308 433 137 20 0 449 450 109 454 59 60 445 408 409 148 409 414 415 467 167 466 465 136 677 310 673 546 31 311 378 149 159 161 160 153 320 323 11 12 379 655 693 13 308 433 137 20 0 449 450 109 454 59 60 445 408 409 148 409 414 415 467 167 466 465 136 677 310 673 546 31 311 378 149 159 161 160 153 320 323 11 12 379 655 693 13 308 433 137 20 0 449 450 109 454 59 60 445 408 409 148 409 414 415 467 167 165 166 171 169 170 103 690 373 374 33 531 469 32 696 371 375 370 103 170 169 171 166 165 167 467 415 414 409 148 409 408 445 60 59 454 109 450 449 0 20 137 433 391 547 671 548 549 550 551 648 551 550 657 656 655 693 13 308 433 137 20 0 449 450 109 454 59 60 445 408 409 148 409 408 445 60 59 454 109 450 449 0 508 2 389 14 396 394 290 67 285 27 28 281 28 27 285 67 290 394 176 133 487 202 446 134 110 109 454 59 60 445 408 409 148 409 414 415 467 167 165 166 171 169 170 103 690 373 174 106 368 369 368 106 174 373 690 103 170 169 171 166 165 167 467 415 414 409 148
241 612 100 591 424 770 267 276 556 149 447 357 177 382 446 269 818 811 684 159 380 306 325 653 518 218 531 13 825 822 394 772 824 181 624 69 387
823
148 409 414 415 467 167 165 166 171 169 170 103 690 373 374 33 531 469 32 696 371 375 370 103 170 169 171 166 165 167 467 415 414 409 148 409 408 445 60 43 288 41 666 39 277 200 61 664 56 54 659 488 51 661 252 62 63 65 250 248 247 246 245 244 66 27 285 67 290 394 176 133 487 202 446 134 110 109 454 59 60 445 408 409 148 409 408 445 60 59 454 109 450 449 0 508 2 389 14 396 394 290 67 285 27 28 281 280 279 280 281 28 27 285 67 290 394 176 133 487 202 446 134 110 109 454 59 60 445 408 409 148 409 408 445 60 59 454 109 450 449 0 20 137 433 391 547 671 548 549 550 657 656 655 693 13 308 433 137 20 0 449 450 109 454 59 60 445 408 409 148 409 414 415 467 167 466 465 136 677 310 673 546 31 377 32 696 371 375 370 103 170 169 171 166 165 167 467 415 414 409 148 409 414 415 467 167 466 465 136 677 310 673 546 31 377 32 696 371 375 370 103 170 169 171 166 165 167 467 415 414 409 148 409 408 445 60 59 454 109 450 449 0 20 137 433 308 306 305 307 309 24 668 13 308 433 137 20 0 449 450 109 454 59 60 445 408 409 148 409 408 445 60 43 288 41 666 39 277 200 61 664 56 54 659 488 51 661 252 62 63 239 52 231 226 225 226 231 52 239 63 62 252 661 51 488 659 54 56 664 61 200 277 39 666 41 288 43 60 445 408 409 148 409 408 445 60 43 288 41 666 39 277 200 61 664 56 54 659 488 51 661 252 62 63 65 260 255 260 265 269 271 194 198 199 201 134 110 109 454 59 60 445 408 409 148 409 408 445 60 59 454 109 450 449 0 20 137 433 308 13 668 24 668 13 308 433 137 20 0 449 450 109 454 59 60 445 408 409 148 409 408 445 60 59 454 109 450 449 0 508 2 389 14 396 397 393 397 396 14 133 487 202 446 134 110 109 454 59 60 445 408 409 148 409 408 445 60 59 454 109 450 449 0 508 2 389 14 396 397 297 395 26 395 297 397 396 14 133 487 202 446 134 110 109 454 59 60 445 408 409 148 409 408 445 60 59 454 109 450 449 0 20 137 433 308 13 668 13 308 433 137 20 0 449 450 109 454 59 60 445 408 409 148 409 408 445 60 43 288 41 666 39 277 200 58 135 489 57 191 490 57 201 134 110 109 454 59 60 445 408 409 148 409 408 445 60 59 454 109 450 449 0 20 137 433 137 20 0 449 450 109 454 59 60 445 408 409 148 409 408 445 60 43 288 41 666 39 277 200 58 135 489 57 201 199 201 134 110 109 454 59 60 445 408 409 148 409 408 445 60 43 288 41 666 39 277 200 58 135 489 57 201 1 202 446 134 110 109 454 59 60 445 408 409 148 409 408 445 60 43 288 41 666 39 277 200 61 664 56 54 659 488 51 50 51 488 659 54 56 664 61 200 277 39 666 41 288 43 60 445 408 409 148 409 408 402 403 506 268 48 47 501 498 500 46 500 498 501 47 48 268 506 403 402 408 409 148 409 408 445 60 59 454 109 450 449 448 447 446 134 110 109 454 59 60 445 408 409 148 409 408 445 60 43 288 41 666 39 277 200 61 664 56 54 659 660 659 54 56 664 61 200 277 39 666 41 288 43 60 445 408 409 148 409 408 445 60 59 454 452 455 452 454 59 60 445 408 409 148 409 408 445 60 43 288 267 288 43 60 445 408 409 148 409 408 445 60 43 288 41 666 665 666 41 288 43 60 445 408 409 148 409 408 445 60 43 288 41 666 39 277 39 666 41 288 43 60 445 408 409 148 409 408 402 403 404 494 404 403 402 408 409 148 409 408 402 184 720 416 410 414 409 148
182 699 288 214 461 462 778 347 305 308 399 783 307 801 742 797 716 29 209 642 637 457 333 640 37 139 420
761
148 409 408 445 60 59 454 109 450 449 0 20 137 433 391 547 671 548 549 550 657 656 655 693 13 308 433 137 20 0 449 450 109 454 59 60 445 408 409 148 409 408 445 60 43 288 41 666 39 277 200 61 664 56 54 659 488 51 661 252 62 63 239 52 231 226 221 521 213 15 211 15 213 521 221 226 231 52 239 63 62 252 661 51 488 659 54 56 664 61 200 277 39 666 41 288 43 60 445 408 409 148 409 408 402 184 720 416 69 68 398 71 405 406 434 417 113 126 407 594 574 592 582 125 178 590 178 125 582 592 574 594 407 126 113 417 434 406 405 71 398 68 69 416 720 184 402 408 409 148 409 414 415 467 167 466 465 136 677 310 673 546 31 377 32 696 371 375 370 103 170 169 171 166 165 167 467 415 414 409 148 409 408 445 60 59 454 109 450 449 0 508 2 389 14 396 397 297 395 294 291 293 291 294 395 297 397 396 14 133 487 202 446 134 110 109 454 59 60 445 408 409 148 409 414 415 467 167 165 166 171 169 170 103 690 373 174 106 368 106 174 373 690 103 170 169 171 166 165 167 467 415 414 409 148 409 408 445 60 59 454 109 450 449 0 20 137 433 308 306 393 397 396 14 133 487 202 446 134 110 109 454 59 60 445 408 409 148 409 408 402 184 720 416 69 68 398 71 405 406 434 417 113 126 407 594 574 573 579 575 581 578 581 575 579 573 574 594 407 126 113 417 434 406 405 71 398 68 69 416 720 184 402 408 409 148 409 408 445 60 43 288 41 666 39 277 200 61 664 56 54 659 488 51 661 252 62 63 65 250 248 250 65 63 62 252 661 51 488 659 54 56 664 61 200 277 39 666 41 288 43 60 445 408 409 148 409 414 415 467 167 165 166 171 169 170 472 473 474 83 474 473 472 170 169 171 166 165 167 467 415 414 409 148 409 408 445 60 43 288 41 666 39 277 200 61 664 56 54 659 488 51 661 252 62 63 239 241 239 63 62 252 661 51 488 659 54 56 664 61 200 277 39 666 41 288 43 60 445 408 409 148 409 408 402 403 506 268 48 47 501 498 500 46 505 503 505 46 500 498 501 47 48 268 506 403 402 408 409 148 409 408 445 60 43 288 41 666 39 277 200 58 135 489 57 201 199 64 1 202 446 134 110 109 454 59 60 445 408 409 148 409 414 415 467 167 466 465 458 512 510 512 458 465 466 167 467 415 414 409 148 409 408 402 403 506 268 48 47 501 498 500 46 505 45 505 46 500 498 501 47 48 268 506 403 402 408 409 148 409 408 402 403 506 268 48 47 501 498 500 46 505 46 500 498 501 47 48 268 506 403 402 408 409 148 409 408 445 60 43 288 41 666 39 277 200 61 664 56 54 659 488 51 661 252 62 152 62 252 661 51 488 659 54 56 664 61 200 277 39 666 41 288 43 60 445 408 409 148 409 408 445 60 59 454 109 450 449 0 508 2 487 202 446 134 110 109 454 59 60 445 408 409 148 409 408 402 184 720 416 69 68 398 71 405 406 72 406 405 71 398 68 69 416 720 184 402 408 409 148 409 408 445 60 59 454 109 110 109 454 59 60 445 408 409 148 409 408 445 60 43 288 41 666 39 277 200 61 664 56 54 56 664 61 200 277 39 666 41 288 43 60 445 408 409 148 409 408 402 403 506 268 48 268 506 403 402 408 409 148 409 408 445 60 682 684 682 60 445 408 409 148
630 708 580 163 283 17 828 569 55 144 297 501 50 238 207 208 815 641 409 224 42 136 419
646
148 409 408 445 60 43 288 41 666 39 277 200 61 664 56 54 659 488 51 661 252 62 63 65 260 265 269 271 194 198 199 201 134 110 109 454 59 60 445 408 409 148 409 408 445 60 43 288 41 666 39 277 200 58 135 489 57 191 198 194 271 269 271 194 198 199 201 134 110 109 454 59 60 445 408 409 148 409 408 402 184 720 416 69 68 398 71 405 406 434 417 113 126 407 594 574 573 579 575 579 573 574 594 407 126 113 417 434 406 405 71 398 68 69 416 720 184 402 408 409 148 409 408 445 60 43 288 41 666 39 277 200 61 664 56 54 659 488 51 661 252 62 63 239 52 231 52 239 63 62 252 661 51 488 659 54 56 664 61 200 277 39 666 41 288 43 60 445 408 409 148 409 408 445 60 43 288 41 666 39 277 200 61 664 56 54 659 488 51 661 252 62 63 239 52 50 51 488 659 54 56 664 61 200 277 39 666 41 288 43 60 445 408 409 148 409 408 445 60 43 288 41 666 39 277 200 61 664 56 54 659 488 51 661 252 62 63 239 52 239 63 62 252 661 51 488 659 54 56 664 61 200 277 39 666 41 288 43 60 445 408 409 148 409 408 402 184 720 416 69 68 398 71 405 406 434 417 113 126 407 594 574 592 574 594 407 126 113 417 434 406 405 71 398 68 69 416 720 184 402 408 409 148 409 408 445 60 43 288 41 666 39 277 200 58 135 489 57 191 198 194 198 199 201 134 110 109 454 59 60 445 408 409 148 409 414 415 467 167 466 465 136 137 20 0 449 450 109 454 59 60 445 408 409 148 409 408 445 60 43 288 41 666 39 277 200 58 135 489 57 201 134 110 109 454 59 60 445 408 409 148 409 414 415 467 167 466 167 467 415 414 409 148 409 408 445 60 43 288 41 666 39 277 200 61 664 56 54 659 488 51 661 252 661 51 488 659 54 56 664 61 200 277 39 666 41 288 43 60 445 408 409 148 409 414 415 467 464 462 480 479 460 459 460 479 480 462 464 467 415 414 409 148 409 414 415 467 464 462 461 128 127 480 462 464 467 415 414 409 148 409 414 415 467 464 462 480 479 460 398 68 69 416 720 184 402 408 409 148 409 414 415 467 464 462 480 479 460 479 480 462 464 467 415 414 409 148 409 408 445 60 59 454 109 450 449 450 109 454 59 60 445 408 409 148 409 408 445 60 43 288 41 666 39 277 200 61 664 663 664 61 200 277 39 666 41 288 43 60 445 408 409 148 409 408 402 403 506 268 48 47 48 268 506 403 402 408 409 148 409 408 445 60 59 454 109 450 109 454 59 60 445 408 409 148 409 408 445 60 682 684 59 60 445 408 409 148 409 408 445 60 43 288 41 666 39 277 200 277 39 666 41 288 43 60 445 408 409 148 409 408 402 184 720 719 720 184 402 408 409 148 409 414 415 467 464 467 415 414 409 148 409 414 410 414 409 148
125 123 571 130 30 129 727 277 460 715 471 47 464 483 64 63 256 639 213 255 455 38 685 469 698
