744 838 28800 6 148 0.5
124 181 2 1 4 M 20
181 435 2 75 413 O 10
435 179 2 22 119 O 20
179 203 2 33 178 O 10
203 131 2 8 43 O 30
131 183 2 3 11 O 30
0 508 2 7 36 O 10
508 2 2 4 19 O 20
2 487 2 15 81 O 30
487 202 2 3 16 O 20
67 290 2 9 45 O 10
290 394 2 8 44 O 30
394 176 2 13 69 O 10
21 356 2 16 84 M 30
356 84 2 41 224 O 30
84 359 2 30 162 M 10
359 368 2 7 36 O 10
368 106 2 4 22 M 30
106 174 2 2 9 O 10
174 373 2 8 44 O 20
373 690 2 3 14 O 20
690 103 2 33 178 O 20
38 263 2 8 44 O 30
263 39 2 35 194 O 20
40 41 2 44 241 O 20
42 43 2 30 162 O 30
427 45 2 86 476 O 10
49 249 2 37 203 O 30
249 50 2 6 30 O 20
50 51 2 17 92 M 20
52 50 2 50 277 M 10
55 56 2 23 126 O 20
60 43 2 7 37 O 20
43 288 2 6 30 O 30
288 41 2 7 35 O 20
41 666 2 5 27 O 20
666 39 2 4 22 O 20
39 277 2 5 26 M 20
277 200 2 8 41 M 10
200 61 2 3 16 O 10
61 664 2 5 24 O 30
664 56 2 5 26 O 30
56 54 2 8 40 M 30
54 659 2 4 21 O 20
659 488 2 3 16 O 30
488 51 2 5 26 O 10
51 661 2 8 42 O 30
661 252 2 12 64 M 10
252 62 2 11 57 O 20
62 63 2 18 96 O 10
64 199 2 18 95 M 30
199 198 2 9 45 O 20
198 191 2 18 98 O 30
191 490 2 13 70 O 10
65 250 2 13 67 O 30
250 248 2 10 55 M 30
248 247 2 3 16 O 10
247 246 2 5 26 O 20
246 245 2 4 21 O 20
245 244 2 1 5 O 30
244 66 2 12 63 O 30
66 243 2 6 29 O 10
597 69 2 39 212 O 20
479 460 2 16 84 M 10
460 398 2 65 360 M 10
73 184 2 28 155 O 20
598 71 2 32 176 O 10
478 68 2 32 177 O 10
27 28 2 9 45 O 20
28 281 2 9 50 M 30
281 513 2 31 170 O 30
513 517 2 16 89 O 20
517 518 2 7 34 O 10
518 29 2 48 263 O 30
29 728 2 1 3 M 10
53 54 2 18 99 O 30
21 352 2 4 20 O 20
352 351 2 6 28 O 10
351 348 2 12 65 O 10
348 350 2 3 14 O 30
350 347 2 10 51 O 20
347 707 2 10 53 O 20
707 694 2 2 6 M 20
694 349 2 3 16 O 30
349 36 2 13 67 M 10
36 353 2 4 20 O 10
353 709 2 6 29 O 20
709 355 2 2 7 O 20
355 346 2 7 36 O 30
346 144 2 1 3 O 10
144 37 2 6 28 O 30
37 344 2 4 20 O 30
344 343 2 4 21 O 30
343 345 2 2 10 O 30
345 30 2 4 21 O 20
341 736 2 1 1 O 20
74 209 2 29 158 O 30
209 206 2 11 56 O 30
206 75 2 32 175 M 20
75 76 2 17 93 O 20
76 435 2 43 237 M 30
601 77 2 24 130 O 30
77 603 2 26 142 O 20
603 78 2 10 52 M 20
78 605 2 8 44 O 30
605 607 2 14 74 O 10
607 205 2 12 63 O 20
205 76 2 14 77 O 30
76 613 2 20 110 O 20
613 79 2 8 43 M 20
79 620 2 6 29 O 10
620 131 2 28 153 O 20
433 155 2 7 38 O 30
155 392 2 3 16 O 10
392 390 2 12 63 O 20
390 14 2 13 68 O 10
14 133 2 11 56 O 30
133 176 2 11 60 O 20
176 399 2 9 47 O 30
399 282 2 10 52 O 10
282 278 2 4 21 O 10
278 194 2 4 21 O 30
194 271 2 6 29 O 10
271 269 2 9 48 M 10
269 265 2 6 33 O 30
265 260 2 7 36 M 10
260 65 2 14 73 O 20
65 63 2 17 92 O 20
63 239 2 8 42 O 30
239 52 2 9 47 M 10
52 231 2 8 41 M 10
231 226 2 15 81 O 20
226 221 2 10 55 O 30
221 521 2 2 6 O 20
521 213 2 13 69 O 30
213 15 2 6 29 O 20
48 268 2 4 18 M 30
268 506 2 5 27 O 10
506 494 2 8 41 O 10
494 404 2 2 11 M 20
404 60 2 48 263 O 30
80 81 2 31 167 M 10
81 339 2 11 58 O 20
477 83 2 23 127 O 30
83 474 2 5 23 M 30
474 84 2 49 272 O 10
84 85 2 28 155 O 20
85 35 2 3 11 O 30
87 335 2 11 57 O 20
335 336 2 21 111 M 30
336 88 2 9 46 O 20
98 528 2 24 133 O 30
528 322 2 8 40 O 30
322 324 2 16 89 O 20
324 10 2 36 195 M 20
93 94 2 17 92 O 30
99 94 2 14 74 M 20
100 95 2 25 137 O 20
101 102 2 21 115 O 10
102 96 2 16 84 M 30
32 696 1 12 62 O 30
696 371 1 10 50 M 10
371 375 1 29 159 O 20
375 370 1 4 20 M 30
370 103 1 9 48 M 10
21 357 2 25 139 O 20
357 35 2 41 223 M 20
35 331 2 5 24 O 20
331 364 2 7 39 O 10
364 365 2 9 49 O 10
365 360 2 3 13 O 30
360 362 2 4 21 M 20
362 108 2 8 43 O 10
108 34 2 3 13 O 10
105 106 1 60 331 M 10
107 108 2 9 49 M 20
98 325 2 14 74 O 10
94 95 2 42 232 M 30
34 105 1 19 100 O 10
105 374 1 6 30 O 20
374 33 1 9 50 M 10
33 531 1 6 29 M 30
531 469 1 8 44 M 20
469 32 1 16 83 O 20
95 328 2 9 47 O 10
328 96 2 17 90 O 10
96 97 2 3 12 O 10
97 92 2 8 39 O 10
92 98 2 12 61 O 20
89 437 2 11 56 O 10
437 340 2 50 274 O 10
340 339 2 2 6 O 10
339 90 2 23 124 O 10
90 332 2 3 13 O 30
332 331 2 12 62 O 30
90 329 2 13 69 O 30
329 86 2 13 68 M 20
86 91 2 25 135 O 30
91 92 2 5 27 O 20
738 30 2 1 3 O 10
727 17 2 8 41 O 20
17 18 2 8 40 O 30
18 19 2 28 152 O 30
67 285 2 8 44 O 20
285 27 2 4 19 O 20
639 640 2 68 377 O 30
640 317 2 128 710 O 20
45 505 2 7 37 M 30
505 46 2 20 106 M 30
46 500 2 12 66 M 20
500 498 2 12 61 O 10
498 501 2 8 40 O 20
501 47 2 9 45 O 10
47 48 2 9 46 M 10
655 693 1 12 64 M 20
693 13 1 31 172 O 30
7 539 2 14 73 O 30
539 380 2 30 162 O 30
380 23 2 5 25 M 30
23 383 2 35 192 O 20
383 676 2 26 140 O 10
676 381 2 7 37 O 20
381 382 2 10 53 O 10
382 24 2 4 22 O 20
110 109 2 29 156 M 30
734 88 2 58 321 O 30
88 89 2 17 90 O 20
433 391 1 22 118 O 30
391 310 1 3 13 O 20
310 673 1 5 26 O 30
673 546 1 10 52 O 30
546 31 1 5 26 O 30
31 377 1 5 28 O 10
8 9 2 10 54 O 30
9 10 2 23 124 M 10
10 319 2 11 60 M 20
319 11 2 21 112 O 30
103 510 2 13 70 O 10
510 512 2 11 57 M 30
512 458 2 6 28 O 30
458 465 2 13 71 O 20
117 633 2 27 150 M 30
633 635 2 17 92 O 20
635 637 2 14 73 O 10
637 432 2 102 562 O 20
432 616 2 7 34 M 10
616 420 2 28 151 O 10
420 177 2 12 64 M 10
177 419 2 6 31 O 30
419 197 2 53 294 M 10
197 679 2 5 24 O 20
679 119 2 53 290 O 20
119 129 2 27 149 M 20
59 454 2 7 35 O 30
454 109 2 3 13 O 30
109 450 2 8 39 M 10
450 449 2 14 77 M 10
449 0 2 22 118 O 10
0 20 2 4 20 O 10
622 3 2 15 83 O 10
3 624 2 17 91 O 30
624 626 2 13 70 O 30
626 422 2 9 45 O 30
422 629 2 38 210 O 30
629 421 2 4 18 O 30
421 177 2 19 104 O 30
177 4 2 7 37 O 30
4 5 2 34 187 M 30
6 424 2 508 2820 O 30
192 190 2 40 219 M 30
190 195 2 16 88 O 30
197 189 2 48 262 O 20
189 190 2 13 72 O 20
190 196 2 21 114 O 10
57 191 1 14 78 O 20
2 389 2 13 68 O 10
112 111 2 35 189 M 30
194 198 2 12 66 M 10
741 203 2 189 1047 O 30
209 3 2 72 400 O 20
206 208 2 25 138 O 30
210 189 2 18 95 O 10
207 193 2 38 209 O 20
293 291 2 3 15 M 30
291 289 2 16 89 O 10
240 686 2 25 135 O 20
686 230 2 18 99 O 10
281 280 2 6 29 O 30
280 279 2 5 27 M 20
279 276 2 3 13 O 30
276 283 2 17 92 O 30
254 247 2 13 70 O 30
265 259 2 23 124 O 30
303 301 2 8 43 O 20
282 275 2 24 132 O 20
268 253 2 30 166 O 20
246 237 2 22 119 O 10
241 239 2 17 92 M 30
25 299 2 25 134 O 10
307 304 2 26 140 O 30
242 252 2 14 77 O 30
232 225 2 18 95 O 30
219 227 2 21 115 M 20
238 248 2 23 128 O 20
218 211 2 26 143 O 20
260 255 2 18 94 M 20
222 214 2 12 63 M 30
13 668 2 8 42 M 20
668 24 2 10 52 M 20
266 200 2 20 109 O 20
245 256 2 17 89 O 20
300 296 2 30 164 O 20
271 270 2 26 144 M 10
221 220 2 28 152 O 10
278 273 2 26 140 O 30
251 48 2 30 166 O 10
15 219 2 41 225 O 10
219 217 2 5 27 O 30
217 215 2 6 30 O 10
215 216 2 16 84 O 10
223 213 2 35 189 O 20
286 28 2 6 33 O 20
28 274 2 9 49 O 10
279 284 2 8 39 O 10
306 305 2 11 59 O 20
228 215 2 26 140 M 30
272 276 2 7 35 O 30
264 277 2 30 164 O 10
234 231 2 25 138 M 10
304 303 2 3 16 O 30
303 302 2 2 9 O 20
61 507 2 69 381 O 20
250 236 2 27 148 O 30
267 288 2 46 253 M 20
269 262 2 30 165 O 30
244 240 2 10 52 O 30
240 235 2 12 65 O 20
217 229 2 32 176 O 10
280 287 2 13 67 O 10
294 291 2 12 63 O 10
212 18 2 31 169 O 10
258 263 2 8 43 O 30
298 292 2 33 181 O 20
393 297 2 18 98 O 10
297 290 2 21 116 O 30
309 304 2 31 169 O 20
285 275 2 18 97 O 30
226 225 2 11 58 M 20
225 233 2 31 172 O 10
17 731 2 1 1 O 10
730 224 2 2 10 M 20
16 312 2 34 185 O 20
312 122 2 9 48 O 10
122 44 2 200 1106 O 20
313 314 2 11 56 O 20
314 428 2 67 370 O 30
428 429 2 16 83 O 20
429 315 2 7 34 M 30
315 430 2 8 40 O 10
430 431 2 14 76 O 10
431 642 2 13 68 O 10
642 115 2 10 50 O 10
115 316 2 20 106 O 20
316 318 2 25 137 O 30
318 317 2 13 70 O 10
323 324 2 17 94 O 20
161 650 1 6 29 O 30
650 327 1 15 81 O 30
327 326 1 21 113 O 10
326 325 1 3 16 O 30
325 34 1 28 151 O 30
33 367 2 26 144 O 20
367 104 2 12 62 O 20
97 91 2 8 40 O 10
330 86 2 25 139 O 10
329 101 2 6 33 O 10
101 333 2 14 74 O 10
95 334 2 11 59 O 10
81 337 2 22 119 M 20
81 338 2 8 43 O 10
340 82 2 19 104 M 30
353 354 2 27 148 O 20
355 440 2 37 202 M 30
357 358 2 20 107 O 10
360 361 2 18 99 M 20
362 363 2 19 101 O 30
365 366 2 15 80 O 20
368 369 2 22 122 M 30
371 372 2 12 67 O 30
373 374 2 62 341 O 10
375 376 2 22 120 O 30
383 653 2 14 74 O 30
653 384 2 10 51 O 20
384 140 2 7 36 O 30
140 385 2 1 2 M 30
384 386 2 10 53 O 20
383 387 2 20 108 M 10
382 388 2 18 98 O 30
390 389 1 23 126 O 30
393 397 2 19 103 M 20
397 396 2 2 8 O 20
396 394 2 20 110 O 20
396 14 2 12 65 O 20
395 297 2 6 33 O 20
297 397 2 7 37 O 20
399 400 2 17 89 O 30
135 401 2 12 64 O 30
402 403 2 35 191 O 10
403 404 2 7 39 O 20
406 72 2 42 231 M 30
72 411 2 35 193 O 10
445 408 2 17 90 O 20
408 409 2 7 38 O 20
409 414 2 11 60 O 20
414 415 2 20 107 O 20
415 467 2 6 29 O 30
412 415 2 12 64 O 30
415 413 2 9 50 O 20
60 682 2 12 62 O 10
682 684 2 8 42 M 30
416 410 2 27 145 M 20
417 418 2 37 202 O 10
188 723 2 36 195 O 20
423 523 2 7 36 O 20
523 527 2 4 22 M 30
527 425 2 47 257 O 20
425 426 2 128 706 O 30
426 725 2 270 1497 O 20
722 188 2 30 162 O 30
188 187 2 15 79 O 10
187 186 2 79 437 O 20
186 6 2 101 559 O 10
31 311 1 6 28 O 30
311 378 1 9 47 O 30
378 149 1 16 84 O 20
149 159 1 12 62 M 20
11 323 2 11 60 O 20
323 320 2 2 6 O 20
37 436 2 26 141 O 10
30 737 2 1 2 O 10
345 146 2 48 262 M 20
739 342 2 1 5 O 30
438 437 2 12 67 O 30
336 439 2 31 168 O 30
439 733 2 31 169 O 20
441 346 2 26 143 O 10
442 37 2 21 113 M 30
443 344 2 25 136 M 30
444 343 2 26 141 O 10
447 446 2 13 72 O 30
447 448 2 15 83 O 30
449 448 2 9 49 O 30
448 667 2 4 22 O 20
451 450 2 10 51 O 10
681 684 2 2 10 O 20
684 59 2 34 186 M 10
453 452 2 18 95 O 10
455 452 2 9 45 M 20
452 454 2 25 137 O 30
22 456 2 36 196 O 10
465 136 1 19 105 M 10
136 677 1 18 98 M 20
677 310 1 16 88 M 20
458 457 2 24 129 O 20
460 459 2 24 130 M 10
462 461 2 42 231 O 30
464 463 2 43 236 O 30
480 462 2 15 83 O 30
462 464 2 12 62 O 30
464 467 2 11 59 M 10
467 167 2 16 88 O 20
167 466 2 86 477 M 10
470 468 2 14 76 O 30
471 470 2 15 81 O 20
470 469 2 1 5 O 30
474 473 2 49 272 O 10
83 475 2 32 172 O 10
477 476 2 20 107 O 10
103 170 2 62 343 O 30
170 169 2 4 17 O 30
169 171 2 3 13 O 20
171 463 2 22 121 O 20
463 461 2 11 60 O 30
461 128 2 54 295 M 10
359 481 2 22 122 O 30
85 482 2 17 92 O 30
483 356 2 19 103 O 10
352 484 2 23 128 O 20
485 350 2 23 127 O 30
347 486 2 17 90 O 20
64 1 2 13 70 O 30
489 488 2 27 145 O 10
492 493 2 3 14 O 10
493 491 2 8 43 O 20
494 493 2 9 50 O 10
500 495 2 29 158 O 20
47 496 2 28 155 O 30
498 497 2 30 166 O 20
501 497 2 22 122 O 20
497 499 2 14 75 O 20
46 502 2 42 230 O 30
505 503 2 37 201 M 30
45 504 2 32 173 O 10
506 403 2 16 84 O 20
392 508 2 40 218 O 30
370 509 2 12 62 M 10
512 511 2 19 100 O 10
511 510 2 15 78 O 20
26 295 2 13 68 O 10
515 513 2 9 46 O 30
517 516 2 23 125 M 10
519 249 2 30 166 O 20
521 520 2 29 161 O 10
522 312 2 25 136 O 20
321 514 2 32 174 O 20
524 523 2 17 90 O 30
526 525 2 45 245 O 20
528 650 2 25 136 O 10
327 529 2 14 73 M 30
531 530 2 14 75 O 20
532 102 2 11 57 M 20
534 533 2 3 15 O 10
533 328 2 14 76 O 20
322 535 2 47 259 M 20
536 381 2 11 61 O 20
543 538 2 2 9 O 10
538 537 2 9 48 O 10
9 658 2 6 31 M 10
658 539 2 13 67 O 20
541 540 2 3 12 O 20
542 380 2 2 6 O 10
319 543 2 5 26 M 30
543 541 2 19 104 O 20
541 542 2 5 23 M 20
158 649 2 14 77 O 20
546 545 2 13 67 O 30
545 544 2 5 24 M 10
550 549 2 2 6 O 10
551 550 2 4 18 O 10
549 548 2 5 24 O 20
548 671 2 8 43 O 30
671 547 2 11 60 O 30
547 391 2 4 22 O 30
19 224 2 12 64 O 10
224 726 2 10 55 O 10
729 29 2 1 1 O 20
316 553 2 22 121 O 10
318 554 2 43 235 O 20
556 559 2 8 40 O 20
557 556 2 7 35 O 20
556 555 2 9 47 O 10
560 559 2 7 38 O 10
559 558 2 9 45 O 30
562 561 2 34 188 O 10
564 563 2 33 179 M 10
431 565 2 46 255 O 30
430 566 2 51 283 M 30
428 567 2 44 241 O 30
429 568 2 29 157 O 20
569 566 2 26 142 O 10
566 315 2 50 275 O 30
571 570 2 29 159 O 10
573 579 2 14 76 O 10
574 573 2 3 14 O 10
573 572 2 20 109 O 20
576 575 2 12 66 O 20
578 577 2 15 80 O 10
579 576 2 15 82 O 30
576 578 2 4 19 M 10
578 581 2 11 60 M 30
582 579 2 4 17 O 20
579 575 2 3 16 M 10
575 581 2 4 17 O 30
581 572 2 1 3 O 30
572 580 2 26 143 O 20
257 584 2 12 64 O 20
584 583 2 70 384 M 20
586 585 2 20 106 O 10
588 587 2 29 160 M 10
589 314 2 95 523 O 30
178 590 2 28 155 M 30
592 591 2 36 197 O 10
594 593 2 32 176 O 10
407 595 2 33 183 O 30
72 596 2 18 95 O 10
615 432 2 38 211 O 10
617 616 2 19 103 O 10
618 4 2 19 103 O 10
620 619 2 39 212 O 20
621 204 2 15 80 O 30
623 622 2 51 283 M 10
625 624 2 17 92 M 30
627 626 2 18 95 O 30
628 422 2 30 162 M 10
421 630 2 8 41 M 20
420 630 2 35 192 M 20
630 629 2 5 25 O 10
631 419 2 26 142 M 10
182 632 2 42 229 M 10
181 599 2 21 117 O 30
77 600 2 23 127 O 30
602 78 2 20 110 O 20
604 603 2 14 76 O 10
606 605 2 15 81 O 10
608 607 2 14 77 O 10
609 205 2 19 104 O 10
179 610 2 22 117 O 30
79 611 2 18 97 O 20
613 614 2 19 102 O 20
614 612 2 3 12 O 10
75 614 2 21 112 M 10
634 633 2 14 77 O 20
636 635 2 23 125 M 30
638 637 2 21 115 M 10
680 589 2 3 12 O 30
589 257 2 34 186 O 30
257 571 2 20 110 O 30
571 261 2 3 13 O 10
430 644 2 19 102 O 30
642 643 2 11 58 M 10
554 645 2 14 75 O 20
544 164 2 2 6 O 30
545 646 2 13 67 O 10
551 647 2 10 50 O 20
551 648 2 9 45 M 30
327 651 2 6 31 O 30
378 652 2 12 63 M 10
140 379 2 9 48 O 20
653 654 2 7 34 O 10
655 656 2 2 7 O 20
656 657 2 1 5 M 30
657 550 2 17 90 M 10
466 22 2 6 30 O 30
22 20 2 8 40 O 20
465 466 2 3 12 O 30
385 141 2 1 3 M 20
10 658 2 28 154 O 10
659 660 2 22 120 M 20
661 662 2 10 54 O 20
663 664 2 12 64 M 10
665 666 2 32 177 M 20
202 446 1 10 52 M 30
446 134 1 8 39 M 20
134 110 1 5 26 O 20
110 58 1 17 89 O 20
473 472 2 12 62 O 30
472 170 2 19 101 O 30
668 669 2 8 42 O 30
547 670 2 11 61 M 10
671 672 2 8 40 O 30
673 674 2 11 58 O 30
675 676 2 10 52 O 20
677 678 2 10 52 M 10
518 687 2 15 79 M 30
686 685 2 8 42 O 20
685 227 2 12 62 O 20
685 691 2 24 132 O 20
682 683 2 10 55 O 10
690 689 2 26 140 O 10
696 697 2 2 6 O 10
697 699 2 9 48 O 20
699 698 2 5 26 O 30
699 700 2 6 31 O 10
693 702 2 12 61 O 20
533 701 2 9 45 O 30
87 703 2 17 89 O 30
335 704 2 13 69 M 10
439 705 2 26 143 O 20
694 695 2 14 73 O 10
707 706 2 15 81 O 30
36 692 2 19 105 O 10
709 145 2 18 95 O 20
348 688 2 21 112 M 20
351 708 2 29 158 O 10
710 711 2 36 197 O 20
187 724 2 106 585 O 20
713 715 2 102 563 O 20
186 715 2 17 93 O 20
715 714 2 4 22 O 20
714 713 2 3 17 O 20
713 712 2 12 62 O 10
716 414 2 9 49 O 10
364 330 2 5 24 O 30
330 332 2 7 34 O 30
718 717 2 51 278 M 30
720 719 2 20 109 M 10
584 721 2 7 35 O 10
114 113 2 28 150 O 20
116 115 2 22 120 O 20
120 119 2 17 90 O 10
118 117 2 13 71 O 30
122 121 2 29 160 O 10
377 311 1 6 30 O 20
44 427 2 2 10 O 20
427 313 2 62 343 O 10
111 193 2 19 100 O 20
193 552 2 5 27 O 10
402 408 2 16 87 O 30
414 410 2 6 32 M 10
66 27 2 60 328 M 20
389 14 1 19 104 O 10
424 423 2 193 1067 O 20
423 710 2 64 354 O 10
710 156 2 89 489 O 30
156 7 2 9 49 M 10
7 321 2 10 51 O 30
321 8 2 11 56 O 30
16 732 2 25 136 O 20
15 211 2 2 6 M 30
211 16 2 25 137 O 10
216 214 2 8 44 O 10
214 212 2 33 180 O 30
212 19 2 30 163 O 10
123 59 2 23 123 O 30
200 58 2 30 164 O 30
57 201 1 27 147 M 10
201 1 1 18 100 M 20
1 202 1 4 18 O 20
132 124 2 3 15 O 20
183 619 2 9 47 O 10
619 204 2 8 42 O 10
204 622 2 31 167 O 10
183 641 2 6 31 O 30
261 178 2 5 23 O 30
178 125 2 11 56 O 20
125 582 2 8 42 O 10
582 592 2 6 31 O 30
592 574 2 9 49 M 10
574 594 2 2 11 O 20
594 407 2 7 35 O 20
407 126 2 5 24 O 10
126 113 2 2 6 O 30
113 417 2 14 75 O 30
417 434 2 45 248 O 30
70 478 2 7 39 O 20
127 480 2 1 3 O 30
480 479 2 14 77 O 10
479 478 2 10 54 O 20
128 127 2 1 4 O 30
377 32 2 3 15 O 20
60 59 2 31 170 O 10
20 137 2 19 101 O 30
137 433 2 22 122 M 20
434 406 2 19 101 O 10
406 405 2 6 31 O 20
405 71 2 9 45 O 10
71 398 2 2 10 O 30
398 68 2 4 18 O 30
68 69 2 4 18 O 10
69 416 2 13 69 O 20
416 720 2 3 12 O 20
720 184 2 7 37 O 10
184 402 2 6 33 O 10
402 445 2 5 28 O 30
445 60 2 17 92 O 20
185 680 2 11 58 M 20
129 185 2 10 55 O 10
586 588 2 7 34 O 30
588 185 2 4 20 O 10
193 130 2 5 24 O 20
317 180 2 2 9 O 20
552 562 2 24 133 O 30
562 564 2 12 62 O 30
564 196 2 3 12 O 30
196 569 2 12 62 O 10
569 192 2 16 87 O 20
192 560 2 9 46 O 30
560 557 2 8 42 O 20
557 718 2 29 157 O 20
718 586 2 5 23 O 20
641 180 2 4 18 M 30
11 12 1 9 47 O 10
12 379 1 9 46 M 30
379 655 1 7 38 O 30
180 130 2 57 312 O 30
130 552 2 6 28 M 20
24 309 2 5 27 O 20
309 307 2 7 34 O 20
307 305 2 11 57 M 20
305 25 2 5 25 O 20
25 300 2 8 39 O 30
300 298 2 7 38 O 10
298 26 2 6 33 O 10
26 395 2 2 8 M 20
395 294 2 10 54 O 10
294 67 2 13 72 O 20
540 23 2 1 4 O 10
30 342 2 6 33 O 20
342 341 2 8 42 O 30
326 33 2 16 86 M 20
13 308 2 7 37 O 30
308 433 2 13 69 O 10
742 117 2 2 11 M 20
743 182 2 17 93 M 10
182 132 2 23 125 M 20
133 487 2 28 154 O 30
201 134 1 16 84 O 20
199 201 2 13 71 M 20
58 135 1 13 69 O 10
135 489 1 11 56 O 20
489 57 1 9 45 O 10
490 57 1 20 108 M 20
136 137 2 13 70 O 10
138 679 2 15 82 M 20
640 139 2 27 147 O 10
141 12 2 1 3 O 30
740 639 2 1 1 M 20
142 527 2 21 114 M 10
525 142 2 2 10 O 30
144 143 2 11 56 O 20
341 735 2 6 32 O 20
349 147 2 13 67 M 30
409 148 2 11 56 O 30
149 648 2 15 82 O 10
152 150 2 4 21 O 20
62 152 2 4 19 M 30
152 151 2 7 37 O 20
155 154 2 8 42 O 10
157 156 2 12 62 M 30
160 153 1 1 5 M 20
153 163 1 2 9 O 30
163 158 1 1 1 O 30
158 159 1 4 19 M 30
159 161 1 1 5 M 20
161 160 1 2 10 M 30
320 163 1 5 25 M 30
153 320 1 5 25 M 10
160 162 2 6 29 O 20
308 306 1 13 71 M 30
306 393 1 9 48 O 10
164 548 2 1 3 O 20
165 167 2 1 3 O 20
166 165 2 1 3 O 30
171 166 2 44 241 O 20
169 168 2 16 86 O 30
472 172 2 36 200 O 30
174 173 2 15 83 O 20
367 175 2 8 41 O 10
S M L M L S
