120 600 220000 9 0 0.7
31 84 2 697 6189 O 30
45 84 2 7843 0 C 0
45 78 2 7081 0 C 0
84 117 2 4529 9573 O 20
45 65 2 8222 0 C 0
34 117 2 3907 0 C 0
55 117 2 8223 7221 M 10
55 95 2 6560 0 C 0
30 78 2 4475 0 C 0
113 117 2 1278 5013 O 10
65 93 2 4949 3434 O 10
2 117 2 2717 4948 M 10
2 96 2 6114 0 C 0
12 34 2 8395 1560 O 30
91 95 2 999 0 C 0
53 84 2 9129 0 C 0
34 49 2 4101 900 M 10
45 118 2 1820 0 C 0
44 53 2 1662 913 M 20
60 84 2 2034 7125 O 20
89 91 2 2623 4420 M 20
25 84 2 4320 8012 O 10
38 84 2 1085 4576 O 20
67 91 2 3319 0 C 0
40 117 2 9871 7591 M 20
68 78 2 6872 8251 O 10
58 113 2 7653 496 O 20
30 101 2 2614 6854 O 10
7 40 2 8810 4785 O 30
44 69 2 2043 0 C 0
27 31 2 7284 0 C 0
69 106 2 3784 1316 M 20
55 104 2 4850 1137 O 10
39 93 2 5405 1140 O 20
67 81 2 8864 0 C 0
37 55 2 4447 368 O 20
42 84 2 3705 2104 M 10
2 15 2 4929 0 C 0
0 69 2 5038 0 C 0
1 118 2 3587 321 O 10
21 30 2 2484 0 C 0
29 58 2 9248 362 M 20
29 90 2 6578 0 C 0
9 42 2 6915 0 C 0
10 118 2 4077 9892 O 10
51 101 2 495 0 C 0
106 111 2 3505 1892 O 30
95 119 2 2977 5619 O 20
59 101 2 7586 7165 M 20
80 119 2 7784 6816 O 10
7 56 2 9601 2131 O 20
79 81 2 4133 0 C 0
93 114 2 3082 0 C 0
107 113 2 5777 800 M 30
59 82 2 2730 1184 M 10
10 24 2 4701 8633 M 30
19 21 2 8756 9627 M 20
48 53 2 6322 4739 O 30
22 107 2 4090 9728 M 30
10 61 2 2580 0 C 0
2 20 2 4154 0 C 0
31 63 2 4395 234 M 30
22 46 2 8422 4263 O 10
75 101 2 2656 1118 O 10
81 105 2 7637 957 O 10
40 41 2 1762 0 C 0
22 88 2 2323 6330 O 20
66 84 2 6221 0 C 0
37 70 2 94 836 O 10
98 104 2 7913 4486 O 10
1 86 2 7100 0 C 0
14 49 2 836 0 C 0
94 113 2 5844 7147 O 30
92 106 2 2776 7801 M 30
27 36 2 5047 0 C 0
78 108 2 4738 4415 O 20
50 111 2 2808 4373 M 10
4 106 2 1937 0 C 0
41 47 2 3553 6560 M 30
25 35 2 7034 0 C 0
5 114 2 4109 5563 M 10
6 25 2 5860 0 C 0
18 93 2 9823 3683 M 30
32 58 2 1703 9798 M 30
73 93 2 7033 6153 O 30
8 14 2 3391 1970 M 20
14 100 2 4426 5755 M 30
26 45 2 6657 9478 M 30
23 100 2 8741 9763 M 10
13 118 2 4391 4647 M 30
66 74 2 7898 0 C 0
33 40 2 379 2052 M 20
72 82 2 438 0 C 0
95 99 2 4166 6771 O 10
5 71 2 7792 8428 M 30
15 83 2 9920 613 M 20
54 73 2 4350 3349 O 20
33 76 2 8925 622 O 30
105 109 2 3668 2068 O 10
48 97 2 510 0 C 0
88 112 2 3285 855 M 30
57 78 2 5299 0 C 0
58 110 2 4069 7788 O 30
42 62 2 7576 7985 O 10
35 115 2 1109 0 C 0
17 30 2 4638 2944 M 20
34 52 2 2882 7486 O 10
3 118 2 5163 0 C 0
18 77 2 7258 2695 O 20
78 85 2 1880 4048 M 30
1 11 2 6216 9135 M 20
48 116 2 6673 9726 M 10
16 56 2 2552 0 C 0
75 102 2 9848 5619 O 10
43 102 2 3105 0 C 0
87 101 2 4325 1441 O 20
11 103 2 1996 1178 M 30
19 28 2 2073 8251 M 30
40 64 2 5429 1738 O 30
53 65 2 3683 5746 O 30
34 115 1 4933 3849 O 20
90 24 1 766 0 C 0
73 103 1 4713 0 C 0
65 79 1 3025 1491 O 10
77 113 2 535 7501 O 20
51 78 2 7324 8973 M 30
59 48 1 7450 0 C 0
70 111 1 9876 1705 M 10
47 109 2 6971 6171 O 30
22 105 1 4033 2939 O 20
97 108 1 1563 6417 O 10
42 81 2 492 9356 M 30
27 28 2 5586 3542 O 20
5 100 2 4282 7194 M 10
2 52 2 3154 1539 M 20
0 118 2 5379 2635 O 10
27 92 1 8322 7578 M 10
6 41 2 8780 3968 O 30
80 117 2 9723 6512 M 10
55 93 2 1730 845 O 30
98 21 1 287 5918 O 10
73 107 1 3297 2812 M 30
37 40 1 399 5497 M 10
52 57 1 417 6664 O 30
44 58 2 4047 7629 O 30
19 91 1 2479 0 C 0
56 103 2 6612 1505 M 30
40 71 2 2542 4049 O 10
91 108 2 6109 0 C 0
33 72 2 9874 2087 M 10
49 85 2 2469 2168 O 30
52 55 2 1156 334 O 20
32 42 1 9729 4648 O 20
47 75 2 7037 0 C 0
85 45 1 2556 0 C 0
60 98 2 1852 6708 O 10
35 75 2 4001 4892 M 30
74 99 2 1130 7596 O 10
116 37 1 5974 6858 M 20
41 112 2 3231 7686 O 10
114 117 1 7700 9312 M 20
0 83 1 2620 0 C 0
73 80 1 1450 0 C 0
1 55 1 2883 7557 O 30
28 21 1 3622 9350 M 10
5 11 1 6066 2575 M 20
50 102 1 8128 1809 M 10
114 58 1 3097 9905 O 30
8 94 2 7987 4077 O 20
5 25 2 5631 2292 O 10
75 46 1 1098 8570 M 10
86 3 1 1267 5546 M 20
58 17 1 5989 0 C 0
76 29 1 5558 0 C 0
21 74 2 3517 7162 O 10
33 101 2 7150 0 C 0
28 41 2 5564 0 C 0
48 89 1 7979 0 C 0
117 118 1 5501 6328 O 20
63 91 1 380 2913 O 10
7 81 2 867 7920 O 20
33 46 1 8150 4358 M 20
90 102 2 9508 0 C 0
65 113 2 2692 6195 M 10
85 102 1 8759 0 C 0
83 6 1 1076 1787 M 20
113 14 1 7884 1824 O 30
88 0 1 3062 0 C 0
89 77 1 942 920 O 20
85 101 2 3808 9819 M 20
44 92 2 3409 5747 M 10
48 33 1 5283 0 C 0
16 71 2 4314 3738 M 20
32 89 2 1850 5835 O 30
36 73 2 5350 5595 M 10
71 106 1 5454 8026 O 20
70 87 2 9531 0 C 0
48 6 1 5484 0 C 0
54 92 2 7164 855 O 10
27 54 2 6860 7303 O 30
21 42 2 7418 0 C 0
89 95 2 8962 3009 M 20
108 74 1 8470 7267 M 20
112 79 1 3969 0 C 0
92 103 1 6038 0 C 0
33 58 1 2500 26 O 20
6 115 1 2602 0 C 0
66 116 1 5348 4180 O 20
16 21 2 5894 95 M 10
2 39 1 1240 1997 O 20
66 119 2 4076 3490 O 20
26 62 2 5593 5905 O 20
50 26 1 7462 8998 M 20
43 62 2 7299 0 C 0
60 102 2 2361 3274 M 20
26 79 1 488 5948 M 10
112 27 1 763 0 C 0
30 86 2 3880 5969 O 20
41 74 2 1994 2362 M 30
13 95 2 1303 0 C 0
36 16 1 3110 0 C 0
90 92 2 9141 7697 O 30
21 61 1 1543 0 C 0
99 51 1 1555 9033 O 30
79 114 1 3609 5653 O 30
29 25 1 4678 6617 O 10
15 73 2 5844 8123 O 30
26 110 2 1750 1855 O 30
8 32 2 6898 4568 M 10
28 14 1 5376 5220 M 30
66 93 1 9872 0 C 0
31 62 2 1119 0 C 0
19 111 1 3167 0 C 0
90 21 1 3500 5261 O 10
100 108 2 8010 1228 O 30
61 67 2 108 7805 M 20
64 42 1 4390 6862 O 20
6 49 2 1757 8112 O 20
12 29 1 191 6197 O 10
6 78 1 4163 4143 O 10
29 60 2 2946 7216 O 20
54 63 2 1705 5787 O 30
52 7 1 3388 6640 M 20
116 25 1 8519 5700 M 20
109 112 1 5778 5391 M 30
59 39 1 8932 2432 M 20
57 72 2 790 0 C 0
26 74 2 9100 8745 M 30
84 103 1 7372 4172 O 20
57 68 2 3789 0 C 0
78 109 1 8547 836 O 10
29 2 1 4347 2118 O 20
12 74 2 3462 4510 O 30
23 63 1 4975 0 C 0
14 56 1 9190 0 C 0
40 112 1 9846 0 C 0
18 90 2 6399 2489 O 20
49 109 2 359 0 C 0
58 91 1 7741 4820 O 20
55 119 1 2645 547 M 30
90 43 1 6835 0 C 0
62 76 2 7941 8220 M 20
0 119 1 3306 0 C 0
83 112 2 8363 0 C 0
6 87 2 7353 0 C 0
61 3 1 88 0 C 0
55 75 2 2439 0 C 0
6 56 2 5027 6256 O 10
86 112 2 3311 0 C 0
92 11 1 6827 80 M 10
18 17 1 723 4950 M 30
57 98 2 5147 1411 O 30
36 117 2 5988 0 C 0
15 27 2 8040 8318 O 20
63 88 2 4418 9467 O 20
68 77 2 7663 8243 O 10
72 87 2 543 0 C 0
63 69 1 5882 3506 O 10
32 31 1 5700 0 C 0
18 56 1 7022 1060 O 20
31 119 2 56 4892 M 10
60 30 1 2024 6408 O 30
40 104 2 5905 2306 O 20
110 113 1 7062 6632 O 10
63 2 1 3305 4581 O 10
21 23 2 5221 4303 O 10
65 48 1 5052 7224 M 10
14 95 1 5236 0 C 0
37 81 2 6352 0 C 0
52 99 2 2655 9924 M 10
34 43 2 6737 5027 O 10
26 76 1 8563 6508 M 30
42 92 1 3987 1410 O 30
87 53 1 2109 5466 M 20
82 32 1 1120 7132 M 30
83 96 2 7859 9000 O 20
71 101 1 3477 0 C 0
29 32 2 9244 7392 M 20
73 91 2 633 0 C 0
10 48 2 2177 7572 M 20
76 5 1 3747 3547 O 30
37 92 2 8843 5094 O 10
57 112 2 4576 7478 O 10
92 94 2 1732 0 C 0
42 60 1 3161 0 C 0
31 80 1 19 3670 M 20
97 103 2 1355 0 C 0
49 70 2 569 0 C 0
22 98 2 8306 3248 O 30
19 78 1 8514 4650 M 10
6 108 1 6558 5859 O 20
21 55 2 8423 9425 O 20
10 27 2 1994 0 C 0
88 92 1 5318 8327 M 20
118 48 1 6179 0 C 0
22 14 1 9782 9105 O 20
68 65 1 634 7445 O 30
72 86 1 4103 8078 M 10
37 119 2 88 0 C 0
91 96 2 3220 5030 O 20
39 13 1 329 1275 M 30
33 78 2 8067 0 C 0
38 81 1 7166 0 C 0
44 32 1 4841 0 C 0
30 77 1 6285 1110 M 30
0 104 1 5174 2679 O 30
5 33 2 8350 2138 M 20
14 10 1 9791 0 C 0
69 27 1 1650 8934 O 30
8 78 2 7986 0 C 0
57 69 2 985 0 C 0
37 38 2 3844 0 C 0
92 83 1 1595 0 C 0
10 34 2 2900 0 C 0
73 3 1 4135 9260 O 30
83 103 2 8666 1885 M 10
3 113 2 872 4328 O 30
5 7 2 4890 5358 M 20
97 70 1 4300 6809 M 30
100 105 1 6844 1323 M 10
40 113 2 7859 5475 M 30
58 102 2 4693 1029 M 30
86 106 2 9915 887 M 30
43 96 1 5522 0 C 0
8 80 2 2560 0 C 0
63 89 2 7341 9203 M 30
1 70 2 6839 6203 M 20
71 1 1 7115 6393 M 10
7 76 1 7475 0 C 0
65 46 1 4278 0 C 0
38 99 2 972 320 O 20
23 40 2 7398 7722 M 10
94 108 1 9779 8623 M 30
49 101 2 3634 0 C 0
107 108 2 5034 8691 M 30
51 88 2 5439 0 C 0
58 84 1 3799 2557 M 20
66 58 1 9087 0 C 0
23 16 1 8146 0 C 0
93 45 1 8684 2211 M 20
29 63 2 2797 8887 M 30
53 101 2 2429 3321 M 20
12 116 2 4818 0 C 0
4 51 2 5460 4509 O 20
91 105 2 9019 1552 O 10
20 38 2 4815 0 C 0
68 100 2 6872 9698 O 20
60 1 1 2027 204 M 20
0 101 2 9551 1658 O 10
95 102 2 2161 8204 M 20
18 74 2 9644 5772 M 20
40 58 1 9034 0 C 0
69 9 1 318 4616 O 10
13 109 2 6843 0 C 0
62 98 2 7211 0 C 0
100 91 1 1198 7848 O 30
116 102 1 6351 4054 O 30
78 11 1 8099 8579 M 30
33 37 2 7543 0 C 0
85 92 2 7497 6116 O 30
1 68 2 1945 7990 O 30
16 113 1 2891 9608 O 10
58 55 1 4269 0 C 0
99 108 2 2384 7673 M 10
51 103 2 7937 1371 M 30
21 46 2 4124 5047 O 20
12 91 1 9119 1491 M 10
109 118 2 3921 3380 O 30
0 103 2 782 7054 O 30
98 56 1 3174 0 C 0
27 119 2 141 9420 O 20
6 66 1 6474 0 C 0
49 99 2 5365 8883 M 20
88 68 1 3261 0 C 0
93 42 1 9503 3558 M 10
20 31 1 1693 1937 O 10
110 78 1 9349 5095 O 20
79 44 1 2422 3212 M 30
56 83 2 5739 2569 M 10
49 118 2 3201 5044 O 30
30 44 2 6830 0 C 0
32 66 1 5363 0 C 0
13 35 1 2730 0 C 0
5 14 2 6166 8299 M 30
77 102 1 7745 8793 O 10
77 56 1 2297 5674 O 10
28 79 1 2948 8111 O 20
94 15 1 6222 5723 M 10
11 99 2 9228 0 C 0
6 92 2 1683 4581 O 20
100 94 1 8547 6212 O 10
8 58 1 6335 0 C 0
61 115 1 6981 0 C 0
112 101 1 6777 3435 O 10
84 116 1 9355 5975 M 20
14 15 2 5189 537 O 10
5 59 2 8532 8075 O 30
88 43 1 6133 1920 O 10
47 119 2 5147 0 C 0
28 45 2 1157 0 C 0
83 102 2 4444 9422 M 30
98 109 2 9106 9705 M 10
73 49 1 8019 0 C 0
114 41 1 8299 0 C 0
71 95 2 3415 1649 M 30
52 108 2 1600 7761 O 30
78 111 1 3098 0 C 0
50 98 2 7775 0 C 0
46 113 2 6806 56 O 20
7 43 1 3869 4381 O 30
54 15 1 2023 3724 O 10
14 85 2 5461 0 C 0
59 78 1 6486 2919 O 30
114 40 1 6648 8500 M 20
5 105 2 7214 3042 M 30
29 14 1 2312 0 C 0
43 71 2 7073 3857 M 30
43 38 1 8413 0 C 0
26 29 2 6719 6302 O 20
53 90 2 7140 0 C 0
86 0 1 5501 5997 O 20
45 55 1 5547 7070 M 10
31 65 1 419 0 C 0
34 87 2 4344 0 C 0
19 45 2 8369 3680 M 10
6 82 1 8556 2642 O 20
23 73 2 4993 6510 O 10
50 83 1 5583 5323 M 10
87 30 1 8606 8542 O 20
11 71 2 7409 0 C 0
99 106 1 9236 1912 O 10
67 97 1 9924 2134 O 30
107 15 1 4847 7170 O 20
35 30 1 1668 899 M 10
82 93 2 8983 0 C 0
43 108 1 722 0 C 0
94 28 1 8300 3978 M 10
11 6 1 6802 8608 O 10
61 34 1 1390 5612 O 20
101 116 1 7656 2586 O 10
102 106 1 4666 0 C 0
48 80 1 9785 0 C 0
36 8 1 5695 0 C 0
54 36 1 632 5303 M 20
26 118 2 2641 3970 M 10
23 38 2 9209 9713 O 10
80 110 2 2489 0 C 0
111 86 1 2389 7248 O 20
119 70 1 6675 7028 O 10
24 30 1 1157 6805 O 10
57 55 1 7374 787 O 10
29 7 1 7358 0 C 0
35 48 2 9909 2067 O 10
9 50 1 6240 8480 O 30
88 93 2 7926 8926 M 20
41 77 2 9873 7955 M 20
67 113 2 8432 9760 O 10
52 22 1 1671 7292 O 30
32 46 1 4200 4837 M 30
76 55 1 9281 0 C 0
77 48 1 936 8064 O 10
55 23 1 1160 3794 O 10
23 103 1 9512 805 M 20
7 104 2 8655 0 C 0
57 109 2 6928 5192 M 20
102 3 1 8064 0 C 0
54 71 2 9536 6822 O 30
23 119 1 9534 985 O 20
79 95 2 4014 0 C 0
66 86 1 6923 0 C 0
32 2 1 6926 3028 O 20
93 74 1 9127 411 M 20
54 69 2 3334 1291 M 10
99 20 1 9420 0 C 0
114 116 2 9039 8008 O 30
75 100 2 9108 8454 O 20
80 113 2 2187 0 C 0
10 17 2 6298 8932 M 30
94 31 1 2349 2034 M 10
36 78 2 9947 0 C 0
10 29 1 8104 9869 O 10
4 99 1 6827 9138 O 30
6 10 2 1920 0 C 0
77 40 1 4144 7493 M 10
8 56 1 495 591 M 20
25 82 1 544 5917 M 20
49 44 1 2009 4128 M 10
2 119 1 4825 7003 O 10
0 35 1 8678 0 C 0
68 59 1 5069 0 C 0
46 85 1 7511 4159 O 20
65 70 1 4952 0 C 0
20 92 2 3846 6221 O 10
7 44 1 8857 0 C 0
94 104 2 5947 0 C 0
2 56 2 3279 1668 M 30
26 32 1 6594 2795 M 30
15 69 2 3777 3019 O 10
4 101 2 322 7011 M 10
45 111 2 4507 0 C 0
1 16 1 4805 5650 O 10
0 67 2 5197 9386 M 30
17 63 2 4027 0 C 0
25 37 2 4676 8566 O 30
58 50 1 3920 2586 O 30
42 17 1 7393 1534 M 30
43 50 1 2532 2710 O 10
92 110 1 5724 9449 M 30
66 48 1 4532 6028 O 20
42 77 2 5908 8726 M 20
65 30 1 2134 6869 M 20
27 75 1 6233 0 C 0
29 45 1 6314 677 O 20
53 88 2 3363 5323 O 10
93 117 1 7739 8467 M 30
0 5 2 8389 5314 O 30
64 3 1 3466 7903 M 20
77 59 1 6821 1846 M 20
54 75 1 9684 0 C 0
32 92 2 7527 8925 O 30
95 9 1 9514 7671 O 30
87 47 1 21 4121 M 10
101 60 1 5175 0 C 0
8 25 2 9977 9414 M 30
9 62 1 7417 8631 O 20
56 39 1 3233 4585 M 10
13 91 2 951 812 O 10
37 68 2 3116 1969 O 10
111 117 2 5959 7457 O 10
13 52 2 2804 8469 M 20
1 3 1 5234 0 C 0
113 116 2 6970 4619 O 20
15 104 2 7484 0 C 0
99 1 1 2855 7907 O 10
33 71 2 1181 0 C 0
96 100 2 8162 9635 O 30
50 74 2 1913 9383 M 30
18 27 1 3353 4483 M 10
79 106 2 6997 1327 M 20
48 17 1 5311 0 C 0
34 119 2 8947 7032 M 10
72 74 2 4592 5841 M 10
5 30 2 7529 0 C 0
112 65 1 1792 3992 M 20
103 105 1 6638 3813 M 10
22 31 2 771 0 C 0
63 36 1 6658 9579 O 20
93 97 2 20 2245 M 10
96 11 1 5481 0 C 0
48 99 1 3577 2254 M 10
88 110 2 5261 5498 O 10
5 94 2 4669 3831 O 30
52 119 2 2819 1217 O 20
42 88 1 4895 3958 M 10
30 31 1 4898 5230 O 10
18 0 1 1325 0 C 0
66 102 2 8797 3017 O 20
31 43 1 3893 971 O 10
22 48 2 2496 0 C 0
2 105 1 5673 0 C 0
74 78 2 5940 0 C 0
72 89 1 9914 7247 O 20
82 73 1 6982 4751 O 20
70 108 2 2538 4417 O 20
29 67 2 5545 0 C 0
13 49 2 4346 6757 O 20
9 97 1 8895 0 C 0
52 54 2 8085 953 M 10
80 107 1 7770 8947 O 30
96 79 1 6565 3964 M 30
2 97 2 4758 0 C 0
45 108 1 8863 254 O 20
72 80 2 7120 2143 O 10
81 93 1 8382 0 C 0
15 86 1 3781 8789 M 10
80 98 2 9768 2054 M 10
98 11 1 7283 0 C 0
55 35 1 965 3891 M 30
94 93 1 1082 0 C 0
22 101 2 3424 6377 O 20
S L M M S L L L L
