70 250 130000 6 0 1.0
17 21 2 4939 5304 O 30
21 25 2 3548 6806 M 30
17 60 2 1180 9329 M 10
17 36 2 333 4480 M 20
60 68 2 7930 2563 M 30
26 36 2 9158 9106 M 10
11 60 2 8018 7311 O 10
21 47 2 4455 7556 O 30
25 39 2 1953 0 C 0
17 20 2 1298 6609 O 10
5 47 2 1986 9095 M 10
5 27 2 7912 0 C 0
12 27 2 2083 8621 O 30
27 69 2 6588 0 C 0
25 52 2 3685 5450 O 10
11 41 2 2442 2070 M 20
5 23 2 9696 9257 M 20
50 69 2 622 0 C 0
1 21 2 2913 0 C 0
16 50 2 8277 345 M 20
4 27 2 4421 0 C 0
39 57 2 5899 6073 M 30
4 28 2 5977 2544 M 30
19 28 2 5686 626 M 10
10 16 2 9019 218 O 30
25 42 2 692 5508 O 10
50 64 2 8137 3045 O 30
33 47 2 903 0 C 0
14 42 2 8236 9212 M 10
1 55 2 540 0 C 0
35 57 2 2777 0 C 0
27 53 2 4144 74 O 10
16 18 2 8652 1638 M 20
27 32 2 3727 7701 O 20
41 58 2 1270 7752 O 20
30 52 2 4756 9491 O 20
11 13 2 3565 1426 O 20
27 66 2 7281 6240 M 30
35 49 2 1566 2470 M 10
40 52 2 7908 8488 M 10
24 28 2 9624 0 C 0
54 68 2 1453 112 O 10
33 37 2 8804 0 C 0
38 53 2 1445 7134 O 10
11 29 2 3444 0 C 0
46 66 2 4624 3474 M 10
10 22 2 9581 4870 M 20
14 56 2 225 7725 O 20
2 39 2 7315 2579 M 10
33 61 2 83 8145 O 20
8 22 2 3688 4054 O 30
20 63 2 7375 4772 O 10
51 68 2 7691 9520 O 10
48 55 2 3508 0 C 0
25 65 2 1179 7291 M 30
0 23 2 4218 8434 O 20
9 51 2 3365 0 C 0
14 67 2 5548 8988 O 30
8 43 2 1504 0 C 0
9 15 2 748 0 C 0
33 62 2 6489 0 C 0
3 62 2 790 6682 M 30
45 48 2 2922 5727 O 20
24 44 2 7233 750 O 30
6 51 2 6421 3166 M 20
2 7 2 465 2589 O 30
34 52 2 5608 9105 M 10
31 61 2 4745 0 C 0
58 59 2 7477 9000 O 30
43 58 2 8410 0 C 0
54 58 2 1159 1584 O 10
33 39 2 812 6539 M 20
15 17 1 6297 0 C 0
23 36 1 6102 0 C 0
0 7 2 2589 0 C 0
48 11 1 5512 4192 O 30
65 67 1 5395 0 C 0
17 63 1 9053 0 C 0
25 50 2 7626 2760 M 30
23 66 2 8047 0 C 0
47 64 1 4576 2450 M 30
35 25 1 2607 0 C 0
2 45 1 62 0 C 0
48 61 2 7634 8389 O 10
18 29 2 4644 3016 M 30
36 66 1 572 1700 M 10
2 16 2 6143 8596 M 20
54 59 2 2585 98 O 20
36 64 1 1495 4510 O 20
15 66 2 8576 3935 M 10
9 32 1 2302 8247 M 30
50 55 1 2918 2900 O 10
32 53 2 7839 4590 O 20
21 37 2 8758 0 C 0
0 57 2 4940 6278 O 20
60 62 2 7741 8787 O 20
50 0 1 3423 8455 O 10
65 68 1 4916 9767 O 10
8 38 1 9513 8097 O 30
51 59 2 7221 5560 M 20
36 50 1 1069 8086 M 30
36 65 2 1492 7811 M 10
17 46 2 3760 0 C 0
22 15 1 3896 7365 O 30
40 15 1 8499 0 C 0
6 61 1 9774 6673 M 20
6 44 1 3612 0 C 0
26 32 2 5158 8914 M 10
31 60 2 9258 9081 O 10
4 23 1 1979 5164 M 10
24 43 2 8731 7704 M 20
30 58 1 6918 3748 O 30
0 59 1 5681 0 C 0
15 2 1 9791 933 M 30
39 52 2 22 3430 O 10
6 17 2 6804 6429 M 10
29 12 1 5620 4476 O 30
27 10 1 5840 1991 M 10
0 42 2 3276 6971 O 20
0 3 2 2662 0 C 0
5 6 2 6974 9088 O 30
23 27 2 8345 0 C 0
21 49 2 109 8539 O 20
24 42 2 2827 0 C 0
40 31 1 2581 3586 O 20
52 61 1 5023 0 C 0
45 51 1 3008 0 C 0
46 16 1 8541 9724 O 20
0 26 2 2057 446 O 20
41 33 1 6799 2704 M 20
26 42 1 4451 7422 M 10
18 50 2 2026 9595 O 30
57 30 1 3507 8982 M 20
15 29 1 951 2220 M 10
29 26 1 2744 2742 O 20
3 63 2 3309 0 C 0
40 4 1 7713 307 O 30
2 23 2 3391 3047 O 20
1 25 2 5248 0 C 0
27 68 1 5035 0 C 0
3 11 1 6728 3760 M 20
8 30 2 6793 0 C 0
63 68 1 8376 2964 O 10
60 56 1 1390 2201 O 10
16 5 1 5752 5587 O 30
66 69 2 1383 3161 O 20
26 4 1 7305 0 C 0
22 36 1 9224 704 O 30
59 14 1 2838 0 C 0
30 38 1 7571 5984 O 10
8 57 1 5563 5061 M 20
1 17 2 7927 8441 M 30
24 65 2 7897 6264 O 20
29 16 1 7104 0 C 0
11 67 1 5757 0 C 0
29 38 1 1798 215 M 30
1 16 2 5831 76 M 20
29 33 1 5398 0 C 0
4 15 2 988 0 C 0
32 44 2 7639 3514 O 10
32 61 2 835 262 M 30
48 57 2 2135 7543 M 10
11 31 2 6335 0 C 0
6 27 2 1528 7380 M 10
63 39 1 2592 0 C 0
28 30 1 3999 7428 M 20
7 47 2 2107 0 C 0
47 35 1 8849 6417 O 30
43 47 2 7475 0 C 0
12 61 2 9723 401 O 30
10 23 2 623 0 C 0
4 58 2 3520 0 C 0
24 39 2 2820 4624 M 10
25 69 2 3653 1629 O 20
14 29 2 3488 8782 O 20
23 61 1 7593 0 C 0
1 53 1 9187 0 C 0
30 66 1 1266 9766 M 10
62 6 1 4548 7343 O 20
59 53 1 5681 2869 M 30
19 51 1 3334 2394 M 30
30 10 1 6700 0 C 0
35 62 1 1543 0 C 0
9 63 1 510 9337 M 20
60 65 1 3053 8575 M 30
12 5 1 2650 8714 M 20
0 25 1 4792 0 C 0
25 13 1 1313 9465 O 10
20 40 2 9034 0 C 0
14 22 2 6921 9261 O 30
59 67 2 1858 5671 O 30
12 69 1 5979 0 C 0
40 62 2 9057 4836 O 20
35 59 1 253 854 O 10
43 65 1 1613 2849 O 30
58 24 1 4535 0 C 0
40 45 2 219 81 M 30
1 11 1 2605 978 M 30
27 20 1 8311 0 C 0
39 19 1 796 0 C 0
10 37 1 9429 0 C 0
10 58 2 1987 3264 O 30
41 36 1 1240 0 C 0
41 61 2 6015 5961 M 10
13 37 2 6904 8953 O 20
34 58 1 9126 4129 O 30
69 56 1 2443 3480 O 20
11 63 2 5655 3196 M 10
13 17 1 490 0 C 0
3 52 2 1154 4704 M 20
0 67 2 1549 6020 O 20
43 56 1 3599 9330 M 20
32 24 1 2514 0 C 0
12 46 2 2230 0 C 0
11 44 2 4264 0 C 0
9 14 2 7690 0 C 0
5 13 2 1476 0 C 0
51 33 1 7544 0 C 0
3 54 1 926 0 C 0
6 45 2 9339 0 C 0
47 51 2 6385 6257 M 20
18 54 1 4850 5688 M 20
50 61 2 4361 0 C 0
53 66 1 6897 9268 M 20
1 62 2 752 0 C 0
1 52 2 3441 0 C 0
1 39 2 7310 5785 O 20
63 30 1 9172 5824 M 30
37 49 2 5007 342 O 30
23 65 1 678 0 C 0
16 32 2 8432 1143 O 10
3 48 2 5407 8337 O 30
5 22 1 5119 0 C 0
2 13 2 8704 0 C 0
13 67 2 1168 8843 M 20
2 12 1 8412 567 O 30
18 45 2 7588 354 O 10
7 49 2 5328 0 C 0
24 45 2 3605 2511 M 20
12 49 1 6670 5420 M 30
61 43 1 2458 8991 O 20
62 66 1 2611 5149 M 30
34 49 1 419 0 C 0
23 46 2 6168 376 M 30
31 53 1 7126 0 C 0
7 31 2 541 2123 M 30
2 11 2 21 3599 O 20
3 21 2 724 2529 M 20
14 26 2 3606 2890 O 20
31 32 1 8142 9530 M 20
M S M L M L
