20 45 52452 4 0 1.0
7 18 2 5982 2682 M 10
7 16 2 5103 1113 M 10
12 18 2 803 3213 M 30
1 7 2 1860 0 C 0
7 14 2 9682 3172 M 30
9 14 2 1696 5626 O 30
1 3 2 8317 7669 O 10
11 14 2 4580 0 C 0
6 11 2 7024 0 C 0
13 18 2 4843 0 C 0
6 10 2 7769 5015 O 30
2 12 2 3148 8624 O 20
10 15 2 1244 2281 O 20
1 5 2 6938 0 C 0
8 13 2 1728 8413 M 30
4 12 2 6485 0 C 0
0 13 2 1556 3183 M 30
15 19 2 430 0 C 0
11 17 2 3188 1106 O 30
3 12 1 7114 3162 O 20
6 17 2 5785 0 C 0
1 4 2 5551 3035 M 20
4 18 2 4539 1553 M 10
11 15 2 2291 0 C 0
8 5 1 8624 358 M 30
2 4 1 1798 0 C 0
12 10 1 8253 2768 O 10
6 18 1 5923 6061 M 20
6 14 1 8312 2920 M 10
4 11 1 4260 1546 O 30
4 5 2 9944 0 C 0
5 13 2 9748 2 M 10
0 11 2 7300 8850 M 30
3 13 2 9836 0 C 0
5 11 1 5020 6606 O 20
8 12 2 9351 556 M 30
4 13 2 9775 9150 O 20
17 18 2 3615 401 M 10
10 7 1 8232 0 C 0
0 5 2 7973 8974 O 10
2 18 2 1421 5786 O 30
3 17 1 9678 9849 O 10
2 13 2 7000 5541 M 10
8 4 1 8823 5100 O 20
11 13 2 3285 0 C 0
L S L L
