40 100 90000 5 0 1.0
3 14 2 3224 2095 M 20
3 26 2 6568 5490 M 30
26 27 2 5654 2419 O 30
6 14 2 1473 3767 M 20
14 25 2 5836 0 C 0
26 28 2 7023 0 C 0
25 37 2 7233 7707 M 30
28 33 2 3664 6422 M 10
4 28 2 5559 0 C 0
13 37 2 36 3387 O 20
28 30 2 8588 0 C 0
3 31 2 187 1757 O 30
19 33 2 2344 0 C 0
26 29 2 4185 6792 O 10
17 27 2 9049 7187 O 20
22 25 2 4566 6873 M 30
3 12 2 8035 430 M 10
5 22 2 6277 8061 M 10
4 21 2 6527 0 C 0
6 15 2 7233 0 C 0
25 38 2 2814 0 C 0
23 37 2 4265 5588 O 30
11 38 2 7954 7373 O 10
12 24 2 7762 5769 O 10
10 15 2 2957 0 C 0
1 13 2 3903 1393 M 10
2 10 2 8699 9515 M 10
9 33 2 2417 8350 M 30
14 34 2 5945 0 C 0
8 37 2 7146 9243 O 10
3 35 2 691 2643 M 30
6 39 2 8612 0 C 0
17 18 2 7786 0 C 0
16 39 2 6103 4495 O 10
7 15 2 7249 9014 M 10
36 38 2 2744 2236 M 20
15 20 2 4421 1452 O 30
2 32 2 8054 5305 O 20
0 14 2 9744 7048 O 30
32 1 1 1430 8781 M 20
13 39 2 345 0 C 0
0 32 2 1333 2343 M 10
4 33 2 692 6879 O 30
8 14 2 7386 7437 M 30
2 7 1 9235 2750 M 20
1 11 2 9154 7094 M 10
12 21 2 7792 0 C 0
5 16 2 640 1289 O 10
11 5 1 539 0 C 0
32 18 1 3737 8714 O 20
12 37 2 6883 2793 M 20
20 39 2 589 0 C 0
6 11 1 579 1178 O 20
26 15 1 561 0 C 0
24 32 1 7457 3667 M 20
3 33 2 8844 6194 M 10
17 20 2 8353 0 C 0
13 23 2 3389 4053 O 20
9 22 2 5622 2414 O 20
6 36 1 3200 8674 O 30
20 21 2 7443 7820 M 20
2 9 2 7870 9785 O 30
32 39 2 3025 0 C 0
2 8 1 8417 1423 O 10
27 28 2 3402 8019 M 30
35 17 1 4193 6795 O 30
27 12 1 4805 0 C 0
14 29 2 2327 1637 O 10
6 16 1 1714 787 M 30
35 27 1 8916 5592 O 30
17 31 1 9956 1853 M 30
11 16 2 695 6216 O 10
7 38 2 8578 0 C 0
31 37 1 5556 6171 O 20
16 10 1 1849 1640 O 10
8 23 2 5861 3561 O 20
33 38 1 7143 0 C 0
19 15 1 7880 9986 M 20
17 32 2 5847 3409 M 20
8 29 2 9685 7659 O 10
23 4 1 31 6491 M 10
11 32 1 8134 7303 M 10
10 13 2 6468 0 C 0
34 39 2 2949 854 O 10
33 20 1 6776 4981 M 30
22 27 2 782 3385 O 30
20 3 1 9809 0 C 0
28 39 2 9190 0 C 0
11 29 2 1306 7252 M 30
15 32 2 923 9087 M 10
0 22 2 7358 6716 M 10
3 18 2 9480 0 C 0
8 22 2 8924 6239 O 20
13 24 2 3189 1 O 20
19 25 1 6626 0 C 0
11 39 2 4536 8571 O 30
20 6 1 6758 2752 O 30
1 38 2 5670 0 C 0
4 9 2 4336 0 C 0
15 18 2 6791 1362 O 10
M S M L L
